Primitive1:=[170 1611 1402 810 2286 320 1472 1759 1966 259 860 2132 656 1757 1556 54 1343 2003 632 700 842 1175 725 879 1311 848 648 673 1906 1300 2094 1953 2116 2053 1798 1587 1359 713 24 1331 2184 931 1903 709 1985 331 1199 885 1913 987 455 2004 11 735 458 2129 790 1796 2324 950 2343 2017 1469 1838 946 2387 12 250 527 28 2026 614 491 1537 2210 1433 1951 1756 1315 419 1712 1526 111 89 443 1550 1571 752 2493 2257 953 1099 467 1339 416 727 110 1029 733 445 696 254 473 969 599 1324 266 994 845 689 1509 2153 84 465 655 499 368 2437 1132 2039 943 2056 374 429 1375 825 182 871 529 1531 2168 280 2497 101 33 353 1197 1377 649 343 1321 2367 2059 1893 2046 1450 360 1329 255 881 268 469 109 1050 193 979 1868 1443 1341 1035 80 2118 1865 1625 1258 1303 894 2150 1419 693 1832 939 947 1090 779 1846 1466 1727 583 118 1789 2115 957 1779 1045 1019 1570 1391 1527 2395 1916 326 880 174 661 1659 949 8 1944 324 1259 137 2099 1337 222 2377 652 812 1370 808 1549 558 1006 1262 2188 1581 1040 1717 1238 382 976 1593 861 117 1836 1861 2091 1024 2376 1554 1989 2399 699 2179 772 1094 2251 1269 2365 115 2459 187 70 995 2201 316 1621 337 2124 163 433 1451 1038 1211 2326 457 1439 877 453 864 714 1264 1134 822 1379 39 2212 1383 352 1376 675 892 2142 1092 965 425 2079 36 1146 1705 1753 1576 853 1696 1470 1990 2401 1194 889 294 1641 1828 2221 2032 1602 1053 2380 1976 7 2309 1839 129 1253 1803 2008 1921 1892 1033 446 2114 1730 1786 451 1265 1484 1064 1610 2224 1988 771 1669 624 1201 1666 300 82 2307 541 1614 612 1964 2282 793 1968 2052 21 1286 1218 1088 1059 329 2289 590 418 1879 1584 2016 875 2167 2313 2207 2243 681 1591 763 1251 1186 10 275 480 2280 1897 1126 2476 991 1849 2223 224 2456 76 2000 475 593 1721 1072 1915 315 1074 2433 289 1609 1156 1613 1234 2 188 1850 2083 1655 1762 2320 2408 914 2050 2465 2322 2248 2206 1161 98 2160 968 1607 545 2242 2038 710 494 734 2370 437 391 1302 1111 35 155 813];

Primitive2:=[2003 632 700 842 1175 725 879 1311 848 648 673 1636 357 2391 2174 2292 468 124 397 1724 530 2471 47 1026 1873 1268 2254 782 2475 1213 927 762 566 359 2291 852 1802 1825 93 2284 1288 780 1848 1414 1777 200 1101 787 1852 834 2217 209 105 2419 2423 748 354 1228 1877 2412 1874 2364 2404 2247 1373 1401 1766 760 1421 507 407 1552 2335 972 1227 1488];

Primitive3:=[170 1611 1402 810 2286 320 1472 1759 1966 259 860 2132 800 525 143 2235 1863 237 1266 2417 1984 1404 2458 707 559 1589 926 647 1449 135 1640 2181 1004 221 868 954 870 1690 189 1204 479 2425 154 1223 1997 2055 2372 1444 1247 166 1758 1780 1232 1267];

Primitive4:=[65 1686 22 1742 2327 1396 162 390 1209 560 267 1263 2018 172 197 637 1740 2197 846 2222 2143 23 1590 149 252 1309 753 1410 1851 1795 1738 2089 233 1465 973 9 2214 25 2432 629 1030 378 2373 1979 482 1678 1794 855 279 1912 1955 413 1741 1710 1432 755 19 802 263 1424 2246 2407 1585 1562 2398 1459 295 2121 476 492 1489 147 2361 1626 1808 1249 1597 1515 1617 97 2268 2261 2356 2397 379 831 974 384 517 2464 1312 2341 1711 1031 876 893 2259 1120 933 1371 106 2154 2204 938 828 269 307 902 1755 1135 663 1087 2314 704 1650 2126 404 2447 48 960 219 131 1369 1922 941 1174 386 917 1217 2163 1240 1876 2301 1445 2276 1327 2416 436 508 1461 1380 1467 1679 213 199 1608 2438 634 1447 2035 715 1771 3 1820 228 1924 1005 2096 2250 1747 104 1001 165 1176 2189 2353 2363 1714 1058 1974 1588 2233 460 2030 1722 51 375 500 819 818 703 2125 1093 2048 490 1748 1037 183 1941 577 157 1830 186 1048 783 2478 1440 646 207 1649 1104 1511 1280 332 2034 1166 1022 1427 867 622 1561 1923 1167 829 717 2195 305 1616 1252 1778 1224 1073 1081 358 497 401 1680 406 2226 409 2238 319 1352 201 2274 231 2113 1273 452 1018 1296 141 67 664];

Primitive5:=[22 1742 2327 1396 162 390 1209 560 267 1263 2018 172 197 637 1740 2197 846 2222 2143 23 1590 149 252 1309 1084 1898 74 1583 1886 2136 1153 367 62 986 1604 293 866 2148 1577 1294 785 2029 393 15 1652 403 827 984 2020 596 2119 1750 751 608 1079 198 741 837 1524 2215 466 1077 1676 1647 1316 1195 758 911 985 1486 640 901 2267 2019 2396 1036 396 1454 169 2151 1008 548 1173 1939 723 2299 265 2109 1744 797 1325 838 450 2080 226 454 1637 2467 854 2336 2409 1841 1672 1188 1219 60 1060 795 42 1496 584 2158 261 1559 2022 1685 1806 2095 565 1129 2051 256 2237 1313 2429 2170 2092 2303 240 1575 299 2213 1378 1648 1887 1829 1981 238 484 1557 192 1418 2199 1504 1290 1520 1790 2350 1833 2062 768 2488 2063 1732 168 1393 2260 2228 2123 2349 1719 376 281 1918 851 1735 770 1752 2190 297 1633 128 897 1807 2410 610 1345 1415 2460 2405 890 2159 79 1980 107 826 1028 686 2253 244 998 1733 2007 398 2295 2420 423 2352 350 820 650 2403 563 1512 2338 1700 579 380 1342 1152 1692 2331 1888 1298 730 493 2270 1896 1347 863 641 716 1963 913 2421 2081 2498 604 1225 1805 1160 211 1493 1191 1774 1012 1567 538 2461 1982 631 654 745 1056 176 1365 522 2066 1902 2473 1935 6 621 440 1687 333 2390 1698 749 2043 1532 400 2069 2411 1422 1878 287 16 40 1837 144 96 1381 2036 373 692 669 430 273 2220 1278 1788 1949 2392 1962 581 2337 1629 220 1366 1083 642 1782 372 605 1124 2072 940 1020 1726 658 2463 1671 388 483 1709 52 1656 2258 2100 2149 582 1292 2173 173 78 591 17 2296 2262 2086 2110 286 2013 942 310 1013 2200 627 2311 1403 1663 1075 2418 952 1095 644 1737 2047 645 2484 2165 43 113 1847 595 1933 1723 1787 1481 923 625 132 1118 120 505 694 2164 447 2178 2128 394 2449 344 817 546 816 2269 738 1579 2374 53 1634 1950 2499 776 756 1960 1497 1155 223 1080 811 898 2450 1248 1145 2452 1952 30 1930 2294 850 1002 1340 841 481 1103 895 1978 232 2208 151 1600 1367 964 961 1335 1319 1406 672 1409 498 2448 1159 886 2385 1513 94 1065 849 336 1970 2445 1965 349 1947 342 2318 2310 2283 687 601 405 1070 1701 921 2249 2230 356 1929 2196 2231 1574 2104 801 971 1275 925 1183 177 1677 2070 2090 1872 737 1127 1139 1306 1261 1894 1522 284 59 956 1063 1772 34 509 804 1948 424 306 1441 2162 206 1995 1751 2451 1697 1257 1776 1889 462 2400 459 1599 31 100 934 210 937 477 2227 1154 1208 719 1295 1046 1764 1457 1416 387 685 2394 146 1323 1942];

Primitive6:=[1084 1898 74 1583 1886 2136 1153 367 62 986 1604 293 866 2148 2023 2441 351 1426 502 277 1392 1937 600 2489 217 2209 674 1643 179 1734 777 389 1605 1491 422 249 2305 1594 1482 1973 2490 2127 573 1991 1354 836 702 766 2340 1436 628 258 537 562 1123 2002 2084 202 242 1346 1662 1034 606 626 1518 1525 2424 1446 1994 103 1534 2065 2383 2176 1987 347 1109 667 764 1260 1180 1108 1560 1901 814 588 993 194 2470 1501 2351 247 322 1926 1235 1835 1190 1231 1529 2354 1657 535 2431 678 1237 296 792 540 1384 1158 2067 2239 1179 506 441 195 731 676 684 533 2265 2031 158 229 587 1336 167 309 153 362 520 607 26 2077 1715 1945 2453 44 997];

Primitive7:=[1636 357 2391 2174 2292 468 124 397 1724 530 2471 47 1026 2023 2441 351 1426 502 277 1392 1937 600 2489 217 2209 674 742 2321 61 1069 571 1770 1363 1718 1169 1834 2131 2494 1362 156 2485 2347 116 2175 2105 1840 1743 1117 1110 781 1049 2205 2187 46 1220 977 1301 1010 2186 1413 2378 88 552 145 308 142 878 1125 1317 2155 2107 1430 670 840 130 2308 1792 1909 1025 754 1713 1382 1061 2345 580 235 1455 1458 784 2082 14 1814 442 569 726 1143 1098 339 1566 370 1673 526 695 1725 1162 1192 2371 906 150 2369 1905 847 2117 928 1193 420 361 1239 1395 2191 1358 102 245 215 2102 504 203 2406 1200 519 1233 1408 1250 1014 706 369 112 2193 69 1172 1683 523 140 2183 1716 1781 412 2413 2057 1895 592 789 1330 1615 1356 227 1773 597 1822 234 769 125 1177 616 2386 905 2360 1494 1603 936 2152 679 126 2454 2097 253 1425 794 1478 1631 718 884 2161 251 2264 410 474 2466 832 1011 1205 1462 1147 1140 1791 1157 1890 1256 2001 1883 1131 2139 1811 152 1399 2236 567 2384 1651 1667 1853 2198 501 1708 1931 659 2106 402 449 1187 1645 49 139 2042 363 2272 1899 1042 1693 161 1908 262 91 1761 2076 1507 2481 722 1490 2402 1283 536 377 292 1474 2103 574 1344 1810 1207 2037 1674 133 427 1767 1543 1196 2122 1023 2180 270 435 2182 1540 495 515 471 951 1368 1827 888 869 1765 1171 2112 757 807 554 57 2244 1623 639 1291 1113 1284 1334 1638 1089 1914 1934 922 514 865 38 970 773 134 321 1138 1784 160 1819 1517 1310 575 415 1487 511 1558 2009 806 1793 383 1533 891 724 75 456 2245 1665 212 1282 448 1214 815 1431 1691 736 1374 918 1097 1412 55 196 1506 1142 2255 2344 2241 862 335 2064 809 2469 99 1818 2137 988 1635 1149 1859 1243 2355 1216 1977 1644 164 1695 2194 381 1572 1817 2381 68 2435 2330 1476 90 2306 371 438 835 1116 2134 1541 547 701 2342 1460 1639 2328 765 542 1580 276 1032 1870 1682 1212 2138 325 1106 1815 788 313 1128 1039 2446 651 1961 1763 1304 1105 1272 123 2041 2141 1681 1241 181 1694 216 58 1144 1956 1731 1544 1178 2135 1411 2027 791 732 1151 348 1164 2060 1437 1946 1911 1568 966 1394 1027 2040 486 1400 539 2472 1285 1881 184 1387 1360 1907 1499 708 2275 1986 1920 1535 1539 1429 1658 1051 618 1856 1043 190 2075 411 1332 2058 2334 1917 2146 786 1882 291 958 1938 2108 29 489 2455 1107 1 1021 2323 1812 912 1485 1182 1386 1085 1150 1826 439 72 2357 1582 2045 1842 1372 2156 2049 983 2486 963 1495 1308 432 2088 1668 2229 1880 2006 1619 1222 1390 2389 873 2011 2147 1972 1999 330 2428 962 298 657 1016 2382 13 555 1661 2216 2281 282 1255 2273 2444 1242 935 1348 955 2427 1230 1927 1498 1622 1473 1954 204 1728 945 858 45 1578 1448 2101 1389 743 230 1628 1664 896 1438 1067 916 1137 1660 671 1397 1596 615 2185 857 417 688 2339 1538 20 2177 334 414 472 856 50 744 127 64 740 1967 1434 1785 981 1620 2500 2021 528 2482 1998 317 27 1254 271 318 1993 2130 909 1198 1464 1943 18 1318 1860 2071 2074 214 1565 2256 1618 2315 915 712 2487 1420 653 1297 248 908 2379 999 929 2120 620 1355 796 1563 1270 1112 677 989 175 2483 1595 2169 1141 2111 775 2277 392 1165 823 1900 2232 136 662 521 1185 1904 1500 1670 586 2078 1606 399 2278 1407 1385 996 2414 159 285 1545 698 2252 241 750 1287 1096 549 1528 1435 2462 327 2028 805 1642 122 665 1510 434 697 613 1514 218 830 568 2298 636 278 1936 1821 1503 345 513 589 487 426 1122 2024 274 1592 2332 1969 444 721 1350 2290 1066 746 882 512 1293 311 1598 503 1115 2157 1523 1463 346 683 1857 366 2434 843 2375 883 323 578 171 2285 2479 2317 1453 1749 1082 428 1477 1869 1417 303 1720 2133 1221 638 1480 2422 2442 1364 2415 2480 1353 1775 2085 1215 1746 2312 910 364 1274 2300 2219 2346 1277 532 304 66 1388 1349 2457 1351 1707 1813 767 2171 778 1530 2293 2010 833 488 2192 1047 2044 2302 572 551 2263 1928 2496 2288 121 609 1702 844 2098 524 1564 2145 1189 1831 2495 243 1456 761 1148 682 2087 1736 1007 1569 1483 510 907 1054 799 2430 1203 2358 2491 1845 272 1925 1630 1536 63 576 87 1824 1338 729 623 2203 711 872 1279 41 1357 1858 2093 1548 1624 1551 1130 1229 1689 2492 556 1071 478 119 1703 1314 2348 919 1739 301 1996 2436 2211 967 421 2068 1653 585 260 1041 1646 1299 948 2271 1100 598 148 191 900 180 2304 288 690 5 92 1121 185 798 2362 899 1799 2477 1959 1017 1044 619 2359 1333 338 2140 37 1475 821 431 2240 1442 4 283 561 1769 1919 205 2234 980 1428 1168 1170 617 2316 930 2005 1844 1932 666 2474 1675 2015 1471 2297 2225 485 603 990 1516 1289 1245 739 1398 1521 1862 1502 408 1800 1688 1505 1078 1546 570 1202 1885 1940 839 1271 680 2033 1684 108 2325 920 1091 1320 1057 225 1699 1745 2144 1361 1601 705 824 1855 1864 312 1573 1823 385 544 1009];

Primitive8:=[1686 2319 753 1236 355 803 56 1958 1086 982 747 691 395 1654 1508 728];

Primitive9:=[65 2319 635 463 534 668 1181 1003 340 2388 461 1062 239 2443 2426 1854 1119 1133 1452 602];

Primitive10:=[65 635 1738 463 1246 959 518 2468 1068 81 1244 643 1768 314 557 1992 1547 1783 1884 1163 2054 1957 1000 531 1305 257 2439];

Primitive11:=[1851 1795 1246 85 1519 2366 978 1055 1492 1052 1542 2333 2172 1136 1281 1801 1307 178 1975 2266 1468];

Primitive12:=[85 1184 1971 1015 1276 1754 2166 874 859 1910 2368 86 83 1328 341 904 1632 550 1553 633 903 77 1555 246 2279 1612 1114 1076 543 2393 264];

Primitive13:=[1686 1410 355 1184 1971 1015 2014 2202 290 660 95 1891 1797 236 1866 759 1804 1809 2061 1479 594 944 2218 1102 2329];

Primitive14:=[2319 635 1236 1519 1276 2014 1729 2287 464 1875 1586 1704 553 1983 365 1326 975 932 2025 1405 138 1871 1867 71 992 1760 496 1627 630 328 2073 720 73 774 924 1423 1843 887 2012 611 2440 302 470 1206 32 114 1210 564 1226 1322 1706 516 208 1816];

