Primitive1:=[Torus, [5.85086536343025e-06 -8.55708116213696e-19 -9.38172861604898e-19 2.37053685555873e-18 1.17017307268609e-05 5.6345575682692e-18 -4.23953190803082e-17 1.17017307268474e-05 -0.000119478181240332 -0.00482867522662456 1.72380108552305e-20 2.2982084811517e-18 -1.47710185371556e-17 2.63904774666342e-17 -2.96101587420359e-16 6.49005451060381e-16 4.84398506442805e-19 2.20640932884858e-17 8.23052157422668e-17 -2.38672485889788e-16 5.85086536343072e-06 -7.10128924031608e-19 6.75543760591201e-19 1.17017307268616e-05 -0.000119478181240479 -0.00482867522662461 -1.81430343971765e-18 5.36587474923073e-17 -2.43583828756895e-16 -2.34995621113062e-17 5.85086536343186e-06 -0.000119478181240449 0.00544462421288504 -0.0493634328972502 0.99874267557379]];

Primitive2 :=[Plane, [0 0 1 -0]];

Primitive3 :=[Cylinder, [1 1 0 0 0 0 -0 0 -0 -645.16]];

Primitive4:=[Torus, [5.34592282916236e-06 -2.84947669466551e-18 -1.7608522352779e-18 6.42255461646174e-18 1.06918456583234e-05 8.57019621295198e-18 -2.16653522342865e-17 1.06918456583536e-05 -0.000108629151888784 -0.00420775019840335 -3.41498830481454e-18 4.54283944124567e-19 -1.15376217601722e-17 -4.20895934154044e-17 4.95490360871107e-16 1.118482634171e-16 1.34445519431821e-17 -5.4907404794687e-17 3.00904163156558e-16 -6.72604214746929e-16 5.34592282916103e-06 9.98553430041556e-20 2.79814388204855e-19 1.06918456583274e-05 -0.000108629151888529 -0.00420775019840329 2.31458301493421e-19 8.86168409431847e-19 -2.15757544395429e-17 -2.0594361385379e-17 5.34592282910533e-06 -0.000108629151888458 0.00517346335869175 -0.0469557330337197 0.998865830959853]];

Primitive5 :=[Plane, [0 0 1 -2.54]];

Primitive6 :=[Cylinder, [1 1 0 0 0 0 -0 0 -0 -522.58]];

Primitive7 :=[Cylinder, [1 1 0 0 0 0 0 -0 -0 -412.902]];

