Points:=[
[-0.914400000000, -9.932470000000, 3.942553000000], 
[0.914400000000, -8.466220000000, 2.350056000000], 
[0.914400000000, -7.714012000000, -9.094493000000], 
[-0.914400000000, 0.775014000000, 11.198398000000], 
[-0.914400000000, -6.862551000000, -7.833834000000], 
[0.914400000000, 2.805438000000, -4.726340000000], 
[0.914400000000, 3.190097000000, 4.326977000000], 
[-0.914400000000, 5.066860000000, 11.645468000000], 
[0.914400000000, 5.091304000000, -5.826935000000], 
[-0.914400000000, 11.349157000000, 0.543832000000], 
[-0.914400000000, 8.069960000000, -4.395402000000], 
[0.914400000000, -10.904656000000, 3.765511000000], 
[0.914400000000, -1.443805000000, 9.568486000000], 
[0.914400000000, -3.582041000000, 7.616144000000], 
[0.914400000000, 2.969551000000, 7.627862000000], 
[0.914400000000, 10.429499000000, -5.497324000000], 
[0.914400000000, -0.672812000000, 5.767102000000], 
[-0.457200000000, 5.877488000000, -11.258114000000], 
[-0.914400000000, -0.516553000000, -8.041414000000], 
[0.457200000000, 0.718503000000, 12.679659000000], 
[0.914400000000, -7.312795000000, -2.415784000000], 
[-0.914400000000, -10.125254000000, 6.251895000000], 
[0.914400000000, 4.597723000000, 7.541058000000], 
[0.914400000000, 0.852779000000, -7.349151000000], 
[0.914400000000, -8.224815000000, 2.178875000000], 
[0.914400000000, -0.110380000000, -9.380201000000], 
[0.914400000000, -9.351027000000, -2.683621000000], 
[0.457200000000, 6.811069000000, 10.719111000000], 
[0.914400000000, -0.402195000000, 5.652936000000], 
[0.914400000000, 10.778561000000, -4.586265000000], 
[-0.914400000000, -2.023569000000, 6.139146000000], 
[0.914400000000, -3.522512000000, -4.063246000000], 
[-0.914400000000, 7.480604000000, -9.222333000000], 
[-0.914400000000, -4.255611000000, -10.824680000000], 
[0.914400000000, 5.756230000000, 5.861166000000], 
[-0.914400000000, -5.163733000000, 9.796661000000], 
[-0.565089000000, 10.901714000000, -6.514801000000], 
[0.914400000000, 5.437681000000, 1.947390000000], 
[0.914400000000, 5.955712000000, -4.079769000000], 
[-0.914400000000, 9.536873000000, 7.903396000000], 
[0.914400000000, -7.094323000000, -7.387006000000], 
[-0.914400000000, 10.434877000000, 6.280212000000], 
[-0.914400000000, -8.986477000000, -2.674759000000], 
[-0.914400000000, 5.437681000000, -1.947390000000], 
[-0.914400000000, 6.746411000000, -4.742078000000], 
[0.914400000000, -0.491103000000, 4.996054000000], 
[0.914400000000, 0.539003000000, -12.688557000000], 
[-0.914400000000, 7.786568000000, -4.589360000000], 
[0.914400000000, 6.056056000000, 0.117276000000], 
[0.914400000000, -5.232391000000, 6.041952000000], 
[-0.914400000000, -11.307884000000, -1.184844000000], 
[-0.914400000000, -8.852150000000, 0.083139000000], 
[0.914400000000, -2.323226000000, -12.485697000000], 
[-0.914400000000, -9.204239000000, -7.754436000000], 
[0.914400000000, -6.277182000000, -0.175102000000], 
[-0.914400000000, 1.815604000000, -8.956391000000], 
[0.914400000000, -3.999376000000, 3.588950000000], 
[-0.914400000000, 6.282151000000, 0.000000000000], 
[0.914400000000, -0.364278000000, 6.413918000000], 
[0.914400000000, -10.649930000000, 3.621469000000], 
[0.914400000000, -6.842727000000, -1.779316000000], 
[0.914400000000, -0.506125000000, 8.702687000000], 
[-0.914400000000, -12.361286000000, -1.146814000000], 
[-0.538916000000, -1.045646000000, -4.659309000000], 
[-0.914400000000, -7.890422000000, -2.047331000000], 
[-0.464714000000, -3.111257000000, 3.622515000000], 
[0.000598000000, 8.917504000000, 9.042573000000], 
[0.914400000000, -4.956765000000, 10.063405000000], 
[-0.914400000000, -6.603439000000, -6.725812000000], 
[-0.457200000000, -9.043572000000, 8.916491000000], 
[-0.314707000000, 12.429226000000, -2.608514000000], 
[-0.914400000000, -7.397489000000, -0.853530000000], 
[-0.914400000000, -7.926695000000, -1.756257000000], 
[0.914400000000, 4.521538000000, -7.008505000000], 
[-0.914400000000, 4.434601000000, 11.300684000000], 
[0.457200000000, -12.414952000000, 2.675627000000], 
[0.914400000000, -7.348223000000, -5.511031000000], 
[-0.914400000000, -3.718849000000, -12.143318000000], 
[0.914400000000, -1.611909000000, -10.695221000000], 
[0.914400000000, 6.609781000000, -0.685852000000], 
[-0.914400000000, -4.487143000000, -11.112908000000], 
[-0.914400000000, -5.011470000000, 0.270741000000], 
[-0.031353000000, 12.374279000000, -2.857835000000], 
[0.457200000000, -12.485697000000, -2.323226000000], 
[-0.914400000000, 7.722026000000, -7.473252000000], 
[-0.914400000000, 2.816245000000, -8.886855000000], 
[0.914400000000, 2.281716000000, 8.884899000000], 
[-0.914400000000, 7.996969000000, -3.507303000000], 
[0.914400000000, 1.188278000000, -10.626284000000], 
[-0.914400000000, -2.005079000000, 11.393972000000], 
[-0.914400000000, -4.673153000000, 3.905898000000], 
[-0.914400000000, 4.350481000000, -8.720466000000], 
[-0.914400000000, 0.218723000000, 11.169339000000], 
[0.914400000000, -5.680944000000, 9.561955000000], 
[0.914400000000, -6.445132000000, 6.951946000000], 
[0.914400000000, -3.849725000000, 4.685970000000], 
[0.914400000000, -3.201392000000, 9.328846000000], 
[-0.178399000000, 12.133020000000, 3.752310000000], 
[0.914400000000, 2.229527000000, 4.752731000000], 
[0.914400000000, -11.960958000000, 1.121591000000], 
[0.914400000000, 5.317826000000, -3.164479000000], 
[-0.914400000000, 10.112489000000, 2.613695000000], 
[0.914400000000, -8.556245000000, 7.895049000000], 
[-0.914400000000, -11.972015000000, 2.585936000000], 
[0.914400000000, 6.183022000000, -2.575631000000], 
[0.914400000000, -1.377346000000, -6.458589000000], 
[-0.914400000000, -0.402195000000, -5.652936000000], 
[0.914400000000, 3.634434000000, 11.436667000000], 
[-0.914400000000, 8.231531000000, 6.584388000000], 
[0.467110000000, 10.860338000000, -6.583545000000], 
[0.914400000000, -4.454712000000, -9.965277000000], 
[0.914400000000, 4.166580000000, -11.187150000000], 
[-0.914400000000, 6.659618000000, 2.992292000000], 
[0.914400000000, 1.944523000000, 10.230508000000], 
[0.914400000000, -8.657116000000, 2.107073000000], 
[0.914400000000, -6.826469000000, -10.320724000000], 
[0.157481000000, 10.721477000000, -6.807343000000], 
[0.476820000000, 4.754779000000, 0.441143000000], 
[0.914400000000, -9.607399000000, 3.887154000000], 
[0.914400000000, 4.698103000000, -9.773795000000], 
[-0.914400000000, 4.905309000000, 5.230289000000], 
[-0.914400000000, -4.097997000000, -3.528484000000], 
[-0.914400000000, -6.658703000000, -10.814420000000], 
[0.914400000000, -11.197964000000, -4.537587000000], 
[-0.914400000000, -6.105107000000, 4.062873000000], 
[-0.914400000000, -6.459051000000, 8.453350000000], 
[-0.914400000000, 9.727618000000, -0.138132000000], 
[-0.914400000000, 5.208478000000, -1.307878000000], 
[0.914400000000, -10.581542000000, -0.664644000000], 
[0.914400000000, 6.036211000000, -11.173816000000], 
[-0.914400000000, -5.975468000000, -0.267775000000], 
[-0.914400000000, 1.582427000000, 6.404586000000], 
[-0.914400000000, 3.096033000000, 6.567651000000], 
[-0.914400000000, -4.396406000000, 6.071037000000], 
[-0.914400000000, 3.860054000000, 9.976638000000], 
[-0.914400000000, 6.147037000000, 5.527787000000], 
[-0.914400000000, -10.522073000000, 7.111680000000], 
[0.914400000000, -8.983500000000, 1.467182000000], 
[0.914400000000, -10.989764000000, -3.180557000000], 
[0.914400000000, 9.609334000000, 3.290981000000], 
[0.914400000000, 2.004699000000, 9.674341000000], 
[0.914400000000, 5.197915000000, -7.012056000000], 
[-0.914400000000, 4.782439000000, -6.112034000000], 
[-0.914400000000, 4.166580000000, -11.187150000000], 
[0.122854000000, 3.243829000000, 3.504298000000], 
[-0.914400000000, -12.694914000000, 0.359395000000], 
[0.914400000000, -10.606842000000, 1.757091000000], 
[-0.914400000000, 9.013464000000, 4.450982000000], 
[0.914400000000, 6.478321000000, -7.436910000000], 
[-0.243610000000, 11.018598000000, 6.315100000000], 
[0.914400000000, -6.525353000000, -0.810233000000], 
[-0.914400000000, 3.062686000000, 8.417076000000], 
[-0.914400000000, 8.865377000000, 7.433973000000], 
[0.914400000000, -5.985465000000, -10.606362000000], 
[-0.914400000000, 6.117497000000, -10.028393000000], 
[0.914400000000, -8.061374000000, 4.116583000000], 
[0.914400000000, 2.816245000000, -8.886855000000], 
[0.150824000000, 1.122851000000, -4.641308000000], 
[0.914400000000, -5.720971000000, 10.886133000000], 
[0.251091000000, 12.658873000000, -1.021245000000], 
[-0.914400000000, -0.407830000000, -9.444750000000], 
[0.914400000000, 0.352311000000, -12.444680000000], 
[-0.914400000000, 5.762547000000, 1.839704000000], 
[-0.914400000000, 4.960167000000, 8.195829000000], 
[-0.914400000000, 3.183724000000, 10.042614000000], 
[-0.914400000000, 5.516884000000, -3.425297000000], 
[0.914400000000, -6.504854000000, 3.650875000000], 
[0.524358000000, 11.348938000000, -5.700141000000], 
[-0.914400000000, 8.026031000000, -0.034382000000], 
[-0.914400000000, -4.258139000000, -3.057648000000], 
[0.914400000000, -10.393891000000, 3.442214000000], 
[0.914400000000, 0.895904000000, 5.014195000000], 
[0.914400000000, 8.695180000000, -6.129609000000], 
[0.914400000000, -3.718849000000, -12.143318000000], 
[-0.914400000000, 0.444573000000, -8.692421000000], 
[-0.914400000000, -8.163380000000, 5.132253000000], 
[0.914400000000, -4.014880000000, 10.535866000000], 
[-0.914400000000, 9.413850000000, 8.524636000000], 
[-0.457200000000, -5.231146000000, -11.572602000000], 
[0.000000000000, -12.194727000000, 3.546639000000], 
[0.914400000000, 7.551723000000, 8.108972000000], 
[0.914400000000, -4.980940000000, -2.710023000000], 
[-0.914400000000, 6.112539000000, -0.212177000000], 
[0.914400000000, -3.571059000000, 10.849327000000], 
[0.075709000000, 10.152906000000, -7.629450000000], 
[-0.914400000000, -0.020942000000, 8.365447000000], 
[-0.914400000000, -4.256146000000, 10.824532000000], 
[-0.914400000000, -7.466348000000, 4.014381000000], 
[-0.914400000000, -5.448259000000, -4.584566000000], 
[-0.914400000000, -3.893955000000, 7.064398000000], 
[-0.914400000000, -1.428312000000, -11.603834000000], 
[-0.914400000000, 5.835783000000, -10.193295000000], 
[-0.914400000000, -6.644022000000, 7.975642000000], 
[0.914400000000, -8.782353000000, -5.185417000000], 
[0.397684000000, -2.469803000000, 4.086883000000], 
[0.914400000000, -1.843887000000, -9.208755000000], 
[0.914400000000, 2.387600000000, 4.135445000000], 
[-0.571495000000, 12.518555000000, 2.139109000000], 
[-0.914400000000, 4.192823000000, 7.594424000000], 
[0.914400000000, 2.326342000000, 8.054884000000], 
[0.914400000000, 11.157895000000, -4.428898000000], 
[-0.914400000000, -0.402195000000, 5.652936000000], 
[-0.914400000000, 11.153399000000, 2.465403000000], 
[-0.729013000000, 3.620966000000, 3.113059000000], 
[-0.457094000000, 8.524820000000, 9.413684000000], 
[-0.914400000000, -6.805222000000, 0.393841000000], 
[0.914400000000, 9.256130000000, -3.740756000000], 
[-0.914400000000, 12.194727000000, -3.546639000000], 
[-0.914400000000, 4.850708000000, -10.373734000000], 
[0.914400000000, 7.975194000000, 1.787490000000], 
[-0.914400000000, -8.915408000000, -2.412877000000], 
[0.914400000000, -1.645672000000, -4.703059000000], 
[-0.914400000000, -8.915169000000, -0.580634000000], 
[-0.914400000000, 9.982474000000, 4.623852000000], 
[0.914400000000, -5.192138000000, -5.370256000000], 
[-0.914400000000, -0.584557000000, -7.722656000000], 
[-0.914400000000, 4.382377000000, 5.993320000000], 
[-0.914400000000, -10.102876000000, -7.695576000000], 
[0.914400000000, -2.901958000000, 7.197730000000], 
[0.914400000000, -5.643926000000, -6.589808000000], 
[0.484806000000, -0.048022000000, 4.774959000000], 
[0.914400000000, -10.779965000000, -4.306663000000], 
[-0.914400000000, -7.219971000000, 6.628099000000], 
[0.914400000000, -6.046940000000, -6.023287000000], 
[-0.457200000000, -11.173816000000, -6.036211000000], 
[0.914400000000, -3.473662000000, 8.007555000000], 
[-0.914400000000, -4.288886000000, -8.836472000000], 
[-0.914400000000, -8.436445000000, -6.051095000000], 
[0.914400000000, 7.053072000000, 6.201231000000], 
[-0.914400000000, -6.412989000000, -1.038614000000], 
[0.914400000000, 8.285938000000, -7.568365000000], 
[-0.914400000000, 6.767766000000, 2.711201000000], 
[-0.914400000000, 6.955531000000, -7.647604000000], 
[-0.914400000000, 9.256130000000, -3.740756000000], 
[0.000000000000, -5.066860000000, 11.645468000000], 
[-0.914400000000, -3.629316000000, 6.541716000000], 
[-0.914400000000, 5.830657000000, 7.269490000000], 
[0.914400000000, 6.716928000000, -6.648637000000], 
[0.914400000000, 7.695653000000, -6.527863000000], 
[0.914400000000, 5.619304000000, -6.709426000000], 
[-0.914400000000, -9.813319000000, 7.171151000000], 
[0.914400000000, 5.666179000000, 10.412786000000], 
[-0.914400000000, 6.429751000000, -4.367545000000], 
[-0.914400000000, -1.611909000000, -10.695221000000], 
[0.079987000000, -1.693358000000, -4.464871000000], 
[-0.914400000000, -5.398682000000, 4.667143000000], 
[0.914400000000, 2.944479000000, 10.607894000000], 
[0.536578000000, -0.876213000000, -4.694122000000], 
[0.914400000000, -3.293690000000, 6.992753000000], 
[0.000008000000, -4.135434000000, -2.387619000000], 
[0.914400000000, -0.935099000000, -9.340262000000], 
[-0.914400000000, 7.746120000000, 0.212460000000], 
[0.914400000000, 11.177148000000, -0.015141000000], 
[-0.914400000000, 0.669146000000, 10.028626000000], 
[-0.914400000000, 4.399902000000, -11.913474000000], 
[-0.914400000000, 5.722323000000, 1.263523000000], 
[0.914400000000, 2.288901000000, 6.166711000000], 
[-0.914400000000, -7.781267000000, 1.598750000000], 
[0.914400000000, 8.101649000000, -2.350084000000], 
[-0.914400000000, -2.689966000000, 3.945455000000], 
[0.914400000000, -1.743493000000, -5.948641000000], 
[-0.914400000000, 9.351491000000, 2.807633000000], 
[-0.914400000000, -6.116998000000, 7.301517000000], 
[0.457200000000, -4.771861000000, -0.178550000000], 
[-0.914400000000, -6.330230000000, 4.918204000000], 
[0.914400000000, -6.522619000000, 0.543181000000], 
[-0.914400000000, -9.917716000000, 3.622982000000], 
[-0.914400000000, 0.223853000000, -8.474647000000], 
[-0.914400000000, -8.282606000000, 1.592077000000], 
[0.914400000000, 4.020118000000, -8.431715000000], 
[0.914400000000, 7.556029000000, -3.068919000000], 
[-0.914400000000, 7.915692000000, -2.773018000000], 
[0.914400000000, -8.905866000000, 0.735037000000], 
[0.914400000000, 12.177574000000, 2.674421000000], 
[-0.914400000000, 0.797946000000, 8.973335000000], 
[-0.914400000000, 7.480604000000, 9.222333000000], 
[0.914400000000, 1.388055000000, 9.277044000000], 
[-0.914400000000, -4.790315000000, 4.864894000000], 
[0.914400000000, 7.847154000000, 5.917531000000], 
[-0.914400000000, -5.720317000000, 1.835488000000], 
[-0.914400000000, 3.241615000000, -12.028412000000], 
[-0.914400000000, -2.952974000000, 6.174648000000], 
[0.914400000000, 0.638058000000, -8.195866000000], 
[0.914400000000, -0.360356000000, -11.200144000000], 
[0.502019000000, 12.248401000000, -3.356585000000], 
[0.914400000000, 6.152804000000, -1.321984000000], 
[0.914400000000, 7.851584000000, -2.509232000000], 
[0.914400000000, -4.257612000000, -5.771776000000], 
[-0.914400000000, 3.419505000000, 8.743899000000], 
[0.252942000000, 3.418270000000, -3.334362000000], 
[0.914400000000, 9.170995000000, -3.538140000000], 
[0.914400000000, 3.887672000000, -10.487249000000], 
[-0.914400000000, 5.452581000000, 0.021882000000], 
[-0.914400000000, -3.974366000000, -8.923916000000], 
[0.914400000000, -3.356123000000, -9.663657000000], 
[-0.914400000000, 10.051238000000, 6.193528000000], 
[0.308277000000, 12.038777000000, -4.044483000000], 
[-0.914400000000, -12.451571000000, 2.499677000000], 
[0.914400000000, 10.351232000000, 4.023620000000], 
[-0.457200000000, 4.230875000000, 11.974544000000], 
[-0.914400000000, 1.188278000000, -10.626284000000], 
[0.914400000000, -1.556969000000, 7.091851000000], 
[0.000000000000, -2.323226000000, -12.485697000000], 
[0.914400000000, 12.618701000000, -1.434705000000], 
[-0.914400000000, -8.390569000000, -9.533538000000], 
[0.914400000000, -4.331378000000, -3.324851000000], 
[-0.914400000000, -1.062582000000, -4.655476000000], 
[-0.914400000000, 5.107993000000, 0.198479000000], 
[-0.914400000000, 0.589373000000, 7.246852000000], 
[-0.914400000000, -3.613330000000, 3.533583000000], 
[0.914400000000, 6.121350000000, 9.031589000000], 
[0.914400000000, 3.693701000000, 8.789696000000], 
[-0.914400000000, -4.101317000000, 7.406797000000], 
[-0.914400000000, -2.867692000000, 11.590225000000], 
[-0.457274000000, -4.221802000000, 2.231350000000], 
[0.914400000000, 11.515817000000, 1.340007000000], 
[0.914400000000, -2.632897000000, 6.930073000000], 
[0.914400000000, -10.204838000000, 4.749550000000], 
[0.914400000000, 10.162781000000, 4.905248000000], 
[0.914400000000, -4.329231000000, 8.487502000000], 
[0.914400000000, -6.278460000000, 6.238007000000], 
[-0.914400000000, 11.280013000000, 1.243705000000], 
[0.914400000000, 3.321136000000, 8.465776000000], 
[-0.186031000000, 3.625362000000, 3.107939000000], 
[-0.914400000000, -6.460221000000, -10.338331000000], 
[0.914400000000, 12.254022000000, 2.199158000000], 
[-0.914400000000, -0.602142000000, 11.670454000000], 
[-0.914400000000, 3.897996000000, 11.337732000000], 
[0.914400000000, 11.655572000000, 0.139716000000], 
[-0.914400000000, -7.172766000000, 7.617278000000], 
[-0.914400000000, -4.650227000000, 3.614114000000], 
[-0.914400000000, -1.619822000000, -9.092575000000], 
[-0.914400000000, -2.034941000000, 8.436432000000], 
[-0.914400000000, -2.387526000000, 6.637415000000], 
[0.914400000000, -1.996710000000, 8.143771000000], 
[-0.914400000000, -2.102647000000, 9.187794000000], 
[-0.914400000000, 3.500160000000, -7.442790000000], 
[-0.914400000000, -7.492648000000, 3.301609000000], 
[0.914400000000, -9.102542000000, -5.382730000000], 
[-0.914400000000, -2.672749000000, -10.730506000000], 
[-0.914400000000, 7.255770000000, -9.467770000000], 
[0.914400000000, -1.661923000000, -6.495268000000], 
[0.914400000000, -2.411427000000, -10.960015000000], 
[0.458874000000, -2.832603000000, -3.844333000000], 
[-0.914400000000, 6.550374000000, 9.388666000000], 
[0.914400000000, -4.061002000000, 12.033215000000], 
[-0.914400000000, 1.778786000000, 5.810396000000], 
[-0.914400000000, -9.920095000000, -1.103610000000], 
[-0.914400000000, -2.017741000000, 6.480623000000], 
[-0.914400000000, -1.153154000000, 11.370184000000], 
[0.914400000000, 4.721865000000, -0.711707000000], 
[-0.914400000000, 9.761023000000, 7.137491000000], 
[0.914400000000, 5.394384000000, 11.497418000000], 
[0.914400000000, 2.519812000000, -8.667359000000], 
[-0.914400000000, -5.696024000000, 6.322707000000], 
[-0.914400000000, -8.077946000000, -7.035354000000], 
[-0.457189000000, 7.978422000000, -9.881032000000], 
[0.914400000000, 10.522073000000, 7.111680000000], 
[0.914400000000, 1.453218000000, 11.000131000000], 
[0.914400000000, -10.421171000000, -0.454775000000], 
[0.914400000000, 3.389209000000, 7.998857000000], 
[-0.914400000000, -9.289935000000, -1.378758000000], 
[0.914400000000, -12.618701000000, 1.434705000000], 
[0.914400000000, 10.530051000000, 3.449362000000], 
[-0.914400000000, -11.419932000000, 5.556542000000], 
[0.914400000000, -4.489989000000, -9.110173000000], 
[0.914400000000, 3.728506000000, 8.137531000000], 
[-0.914400000000, -5.418407000000, -2.326248000000], 
[0.317319000000, 10.607348000000, -6.983851000000], 
[-0.914400000000, -5.012496000000, -6.689481000000], 
[-0.914400000000, -1.776121000000, 7.272001000000], 
[-0.914400000000, 6.096563000000, -3.742237000000], 
[-0.914400000000, -11.691042000000, -2.660064000000], 
[-0.914400000000, -9.099326000000, 1.763398000000], 
[0.914400000000, -8.530098000000, -7.462907000000], 
[-0.914400000000, 0.444561000000, 11.599060000000], 
[0.914400000000, 0.179716000000, 12.698728000000], 
[-0.914400000000, 3.469514000000, 8.253158000000], 
[-0.914400000000, 3.783492000000, -3.269085000000], 
[-0.914400000000, -9.913687000000, -0.127238000000], 
[-0.453221000000, 9.541443000000, 8.381579000000], 
[0.914400000000, -0.749802000000, 8.498554000000], 
[-0.914400000000, -5.594937000000, -1.240456000000], 
[0.914400000000, -0.491103000000, -4.996054000000], 
[0.914400000000, -0.073207000000, -9.015582000000], 
[0.914400000000, -2.293634000000, -4.721503000000], 
[-0.914400000000, -4.633110000000, -8.726831000000], 
[-0.914400000000, -4.769116000000, -7.884978000000], 
[0.914400000000, -8.555360000000, 5.629185000000], 
[-0.914400000000, -2.983946000000, -10.568555000000], 
[-0.914400000000, -1.131704000000, 10.361272000000], 
[0.914400000000, 1.748524000000, -12.300477000000], 
[0.914400000000, -4.765542000000, 9.824529000000], 
[0.914400000000, -6.634790000000, -8.696439000000], 
[0.914400000000, 7.874057000000, -8.584041000000], 
[-0.914400000000, -9.867262000000, 2.233124000000], 
[-0.914400000000, -9.451623000000, 1.071270000000], 
[-0.914400000000, 4.606900000000, -3.253714000000], 
[0.914400000000, -11.537473000000, -1.736457000000], 
[0.167008000000, 3.504952000000, 3.243123000000], 
[-0.914400000000, 8.899284000000, 4.096401000000], 
[0.914400000000, -1.816536000000, 6.992380000000], 
[0.000000000000, 4.399902000000, 11.913474000000], 
[-0.914400000000, -7.514301000000, 9.851553000000], 
[-0.914400000000, -9.804748000000, -1.699110000000], 
[0.914400000000, 3.438203000000, -9.521948000000], 
[0.457200000000, -7.111680000000, 10.522073000000], 
[-0.914400000000, 1.524954000000, 11.712555000000], 
[0.914400000000, 1.968965000000, -12.546441000000], 
[0.914400000000, -3.564459000000, -7.215238000000], 
[0.298320000000, 0.307992000000, 4.765257000000], 
[-0.914400000000, 5.877268000000, -6.613997000000], 
[-0.914400000000, 3.720980000000, -7.216846000000], 
[-0.914400000000, -10.875293000000, -2.337256000000], 
[0.914400000000, -0.567431000000, -10.212679000000], 
[0.914400000000, -5.852661000000, -5.764610000000], 
[0.914400000000, 3.897996000000, -11.337732000000], 
[0.298309000000, 4.657251000000, 1.054775000000], 
[-0.914400000000, 3.712193000000, -4.981590000000], 
[0.914400000000, 10.112964000000, -3.061332000000], 
[0.914400000000, -0.243777000000, 10.992388000000], 
[-0.914400000000, -7.812491000000, 8.189516000000], 
[-0.914400000000, -1.693229000000, 12.114961000000], 
[-0.914400000000, -11.960958000000, 1.121591000000], 
[0.000000000000, -10.719111000000, -6.811069000000], 
[-0.914400000000, 6.962071000000, 10.621655000000], 
[0.914400000000, 2.946392000000, -11.658271000000], 
[0.589004000000, 4.727647000000, 0.672225000000], 
[-0.914400000000, -5.529607000000, 7.397530000000], 
[-0.914400000000, -5.452550000000, -8.161437000000], 
[-0.914400000000, -2.161934000000, 11.665154000000], 
[0.914400000000, -6.854597000000, -4.096944000000], 
[-0.914400000000, -6.881520000000, 6.108079000000], 
[0.914400000000, 7.619636000000, 5.766991000000], 
[0.914400000000, -4.945881000000, 2.036834000000], 
[-0.914400000000, 1.522469000000, 8.305689000000], 
[-0.914400000000, -5.516804000000, -6.859293000000], 
[-0.914400000000, -10.646328000000, 5.565372000000], 
[0.914400000000, -6.295674000000, 1.572665000000], 
[0.914400000000, -2.328795000000, 11.896682000000], 
[0.914400000000, -2.165142000000, 10.391414000000], 
[0.914400000000, 8.762731000000, -2.472579000000], 
[0.914400000000, 0.907429000000, 12.128024000000], 
[0.914400000000, 8.047596000000, -4.076413000000], 
[-0.525611000000, 2.969766000000, 3.739388000000], 
[0.914400000000, 3.273997000000, -7.688226000000], 
[-0.914400000000, 6.183022000000, -2.575631000000], 
[0.914400000000, 6.196428000000, -6.538602000000], 
[0.914400000000, -8.117420000000, 9.767164000000], 
[-0.914400000000, -1.683390000000, -5.232109000000], 
[0.914400000000, 5.185777000000, -7.992976000000], 
[0.914400000000, 1.648776000000, 12.007565000000], 
[-0.914400000000, -3.000881000000, -8.221173000000], 
[0.914400000000, 10.855493000000, -0.539531000000], 
[-0.914400000000, 5.343350000000, -6.658506000000], 
[0.914400000000, -2.127192000000, 7.485606000000], 
[-0.914400000000, 10.559866000000, -4.296367000000], 
[-0.914400000000, 6.610111000000, 5.562864000000], 
[0.000000000000, 0.179716000000, -12.698728000000], 
[-0.914400000000, 8.197947000000, -5.443469000000], 
[0.914400000000, -2.722618000000, -8.054515000000], 
[-0.914400000000, 3.292746000000, 6.148395000000], 
[-0.914400000000, 0.007155000000, -6.263209000000], 
[0.914400000000, -6.693089000000, -0.236856000000], 
[-0.914400000000, 8.456378000000, 6.743564000000], 
[-0.914400000000, -2.998597000000, -7.469402000000], 
[-0.914400000000, -1.669437000000, 9.382259000000], 
[-0.914400000000, 0.661746000000, -12.288720000000], 
[0.914400000000, 1.255996000000, -12.637740000000], 
[0.914400000000, 12.140961000000, -2.713431000000], 
[0.914400000000, -10.066180000000, -2.203055000000], 
[0.914400000000, 1.939192000000, -5.471060000000], 
[-0.914400000000, 8.630856000000, -3.925891000000], 
[0.525532000000, 0.606024000000, 4.736588000000], 
[0.914400000000, 6.799803000000, -1.399884000000], 
[0.914400000000, 9.295101000000, -5.384132000000], 
[-0.914400000000, -6.325304000000, 2.201019000000], 
[0.914400000000, 7.637814000000, 0.521356000000], 
[0.914400000000, -10.777268000000, -6.208155000000], 
[0.914400000000, 10.342362000000, 5.989991000000], 
[-0.914400000000, -7.192041000000, -0.610933000000], 
[-0.914400000000, -4.428687000000, 8.094706000000], 
[-0.914400000000, -2.387600000000, -4.135445000000], 
[-0.914400000000, 4.604255000000, 4.363631000000], 
[0.914400000000, -1.792889000000, -6.256801000000], 
[0.914400000000, 4.063406000000, 4.193730000000], 
[-0.914400000000, 0.113848000000, -7.490213000000], 
[-0.914400000000, 0.907429000000, 12.128024000000], 
[-0.914400000000, 9.603058000000, -3.016779000000], 
[-0.914400000000, 7.126072000000, -7.417249000000], 
[0.914400000000, -3.157789000000, -8.798464000000], 
[-0.914400000000, 10.626620000000, 2.352500000000], 
[-0.914400000000, 5.159325000000, -5.349785000000], 
[-0.265506000000, 4.770827000000, 0.204321000000], 
[-0.914400000000, 6.550374000000, -9.388666000000], 
[0.458819000000, 9.295436000000, -8.653605000000], 
[0.666166000000, -1.875917000000, 4.391295000000], 
[-0.914400000000, -2.008822000000, 9.750311000000], 
[-0.914400000000, 11.155491000000, -2.548916000000], 
[0.914400000000, -4.255611000000, -10.824680000000], 
[0.914400000000, -7.378350000000, 7.422078000000], 
[-0.914400000000, 3.618968000000, 9.314812000000], 
[-0.914400000000, 7.896990000000, 7.936550000000], 
[-0.529767000000, 2.873979000000, -3.813500000000], 
[0.134603000000, -0.507396000000, 4.748166000000], 
[0.914400000000, 3.619437000000, 6.210378000000], 
[0.914400000000, -7.110298000000, -4.215315000000], 
[0.914400000000, -6.363158000000, -7.493775000000], 
[0.914400000000, -5.303077000000, 6.625072000000], 
[-0.914400000000, 1.978347000000, 5.177002000000], 
[-0.002785000000, -3.499089000000, 3.249448000000], 
[-0.914400000000, -7.848433000000, 3.797168000000], 
[0.914400000000, 3.728506000000, -8.137531000000], 
[0.914400000000, -10.479212000000, -6.416439000000], 
[-0.914400000000, 8.097800000000, -0.370345000000], 
[0.914400000000, -3.936596000000, 11.242670000000], 
[-0.914400000000, 10.800023000000, 1.483192000000], 
[-0.914400000000, 8.699320000000, -0.671914000000], 
[-0.914400000000, -5.400630000000, -6.360368000000], 
[0.914400000000, 10.774386000000, 6.233671000000], 
[-0.914400000000, -7.463494000000, 9.166001000000], 
[0.457200000000, -10.998523000000, 6.350000000000], 
[0.914400000000, -6.890405000000, 8.149073000000], 
[0.457200000000, -12.334262000000, 3.025884000000], 
[-0.914400000000, -1.116046000000, -5.129686000000], 
[0.914400000000, 10.353907000000, 3.212316000000], 
[0.914400000000, 5.790678000000, 9.055981000000], 
[-0.914400000000, -1.154584000000, -6.796682000000], 
[0.914400000000, 3.975341000000, -5.402549000000], 
[0.914400000000, 2.925730000000, 8.169592000000], 
[-0.914400000000, 10.823388000000, 1.733197000000], 
[0.914400000000, -5.026082000000, -5.563880000000], 
[-0.914400000000, -11.169263000000, -0.862871000000], 
[-0.914400000000, -10.918151000000, 0.456142000000], 
[-0.914400000000, -9.775329000000, -2.322889000000], 
[0.914400000000, -5.703168000000, -4.493412000000], 
[0.914400000000, -2.149670000000, 4.931492000000], 
[-0.914400000000, 10.110510000000, -1.862381000000], 
[-0.914400000000, 11.898647000000, 1.768025000000], 
[0.914400000000, 3.294142000000, 11.385178000000], 
[0.914400000000, 5.982377000000, 4.940313000000], 
[-0.914400000000, -8.552581000000, 8.906748000000], 
[-0.339016000000, 11.861214000000, 4.538898000000], 
[-0.914400000000, 12.618701000000, 1.434705000000], 
[-0.914400000000, 2.675627000000, -12.414952000000], 
[0.914400000000, 5.783280000000, -2.145571000000], 
[0.914400000000, 0.874463000000, -8.297001000000], 
[0.914400000000, -9.223173000000, 3.162993000000], 
[-0.914400000000, -2.747763000000, -5.833560000000], 
[0.914400000000, 1.388055000000, -9.277044000000], 
[-0.914400000000, -6.206324000000, 5.968359000000], 
[0.914400000000, 0.719154000000, -6.616481000000], 
[-0.914400000000, 6.790141000000, -9.884818000000], 
[0.914400000000, 7.609314000000, 8.522331000000], 
[0.914400000000, 1.294057000000, 7.705543000000], 
[0.914400000000, 9.600353000000, 6.737245000000], 
[0.914400000000, 5.921781000000, -4.373965000000], 
[0.914400000000, 1.404616000000, -5.237639000000], 
[-0.914400000000, -6.315374000000, 7.509579000000], 
[-0.914400000000, -6.164902000000, 10.314860000000], 
[0.914400000000, 8.355274000000, 0.158582000000], 
[0.914400000000, -8.662948000000, 7.310258000000], 
[-0.661891000000, 12.602810000000, 1.568180000000], 
[0.914400000000, -9.316466000000, 3.965162000000], 
[-0.914400000000, 2.921597000000, -9.997137000000], 
[-0.914400000000, 5.977247000000, 3.085042000000], 
[-0.914400000000, 2.944479000000, -10.607894000000], 
[-0.914400000000, -3.838922000000, 4.191496000000], 
[-0.914400000000, -2.328795000000, -11.896682000000], 
[-0.914400000000, 8.048355000000, -7.387851000000], 
[0.914400000000, -2.074276000000, 12.211390000000], 
[0.914400000000, -0.248589000000, 11.567974000000], 
[-0.914400000000, 8.089167000000, -8.851525000000], 
[0.914400000000, -5.009765000000, 6.690254000000], 
[-0.914400000000, 4.049080000000, -7.221207000000], 
[-0.914400000000, -6.014685000000, 9.378169000000], 
[-0.914400000000, 8.352421000000, 4.139795000000], 
[0.914400000000, -0.788511000000, 8.767060000000], 
[-0.914400000000, 1.062582000000, -4.655476000000], 
[0.914400000000, 2.867412000000, -7.395249000000], 
[0.914400000000, -5.049210000000, 11.359926000000], 
[0.000000000000, -8.117420000000, 9.767164000000], 
[-0.914400000000, -12.066673000000, -2.042558000000], 
[0.914400000000, -3.733402000000, 2.977289000000], 
[0.914400000000, -1.842846000000, -10.496396000000], 
[-0.914400000000, 3.546027000000, 3.696549000000], 
[-0.914400000000, 10.434602000000, 2.930653000000], 
[0.914400000000, -4.513768000000, 3.044232000000], 
[0.914400000000, 7.981274000000, -3.242886000000], 
[-0.914400000000, 5.644646000000, -8.443531000000], 
[0.914400000000, 2.430780000000, -5.806498000000], 
[0.914400000000, 7.551841000000, 10.210764000000], 
[-0.914400000000, -8.555360000000, 5.629185000000], 
[-0.914400000000, -9.223173000000, 3.162993000000], 
[0.914400000000, 6.595963000000, 3.326198000000], 
[0.914400000000, 12.230824000000, 0.002503000000], 
[0.914400000000, 3.712193000000, 4.981590000000], 
[-0.914400000000, 3.545525000000, 9.032723000000], 
[-0.914400000000, 9.070856000000, 4.821683000000], 
[0.596155000000, 12.638998000000, 1.243272000000], 
[0.914400000000, -3.000881000000, -8.221173000000], 
[0.914400000000, 7.671554000000, -3.334896000000], 
[0.914400000000, 1.311425000000, 9.831596000000], 
[-0.914400000000, 2.263939000000, 10.215238000000], 
[0.914400000000, 11.774563000000, 3.917297000000], 
[0.914400000000, -5.229539000000, 1.666759000000], 
[0.914400000000, 5.779394000000, -9.906999000000], 
[-0.914400000000, 8.734432000000, -6.899142000000], 
[-0.914400000000, 7.002960000000, 9.443153000000], 
[-0.914400000000, 1.490613000000, -5.738556000000], 
[0.914400000000, -12.462471000000, 0.573814000000], 
[0.914400000000, 5.773971000000, 6.970141000000], 
[0.914400000000, 3.208919000000, 8.203519000000], 
[0.914400000000, 6.977079000000, 4.891073000000], 
[0.914400000000, 8.035524000000, -9.183812000000], 
[0.914400000000, 6.382522000000, -3.854297000000], 
[-0.914400000000, -1.822573000000, -10.210648000000], 
[0.914400000000, 5.440777000000, -0.364291000000], 
[-0.007279000000, 3.243941000000, -3.504195000000], 
[0.914400000000, 6.472897000000, -9.079105000000], 
[0.914400000000, -4.769116000000, -7.884978000000], 
[-0.914400000000, 9.699548000000, -2.648101000000], 
[-0.914400000000, -5.524734000000, 6.122999000000], 
[-0.914400000000, -3.562718000000, 5.651191000000], 
[-0.914400000000, -5.700866000000, -9.913622000000], 
[0.914400000000, 6.382522000000, 3.854297000000], 
[0.914400000000, -6.102925000000, 5.056373000000], 
[0.914400000000, -7.769698000000, 6.980572000000], 
[0.914400000000, 7.531480000000, -4.698891000000], 
[0.000002000000, -4.302304000000, -2.071888000000], 
[-0.914400000000, 2.390901000000, 5.182333000000], 
[0.914400000000, -2.102647000000, 9.187794000000], 
[-0.914400000000, 4.343662000000, -10.138444000000], 
[-0.670168000000, 3.306591000000, -3.445140000000], 
[0.721206000000, 1.208886000000, -4.619646000000], 
[0.457200000000, 5.231146000000, 11.572602000000], 
[0.914400000000, 10.575033000000, 1.890476000000], 
[0.914400000000, -6.463552000000, -0.520515000000], 
[-0.914400000000, 6.272196000000, 9.783657000000], 
[0.914400000000, 7.223107000000, -6.416338000000], 
[-0.914400000000, -4.980940000000, -2.710023000000], 
[-0.914400000000, 1.244924000000, -6.405416000000], 
[-0.914400000000, -7.014500000000, 5.177211000000], 
[-0.914400000000, 4.374876000000, -8.357772000000], 
[0.914400000000, 2.463227000000, 4.880621000000], 
[-0.914400000000, 2.439992000000, -8.355210000000], 
[-0.457200000000, 0.718503000000, -12.679659000000], 
[0.914400000000, 2.485975000000, 12.135635000000], 
[0.914400000000, 5.322138000000, -0.766617000000], 
[0.914400000000, 1.844203000000, -8.243714000000], 
[-0.914400000000, 1.650007000000, 5.421697000000], 
[-0.914400000000, -7.232912000000, -4.936445000000], 
[-0.914400000000, 10.429499000000, 5.497324000000], 
[0.914400000000, -6.056084000000, 1.947450000000], 
[0.914400000000, -8.075877000000, -6.221212000000], 
[-0.598932000000, 0.992706000000, 4.670875000000], 
[0.914400000000, -1.776121000000, 7.272001000000], 
[0.457200000000, -4.691951000000, -0.887765000000], 
[0.914400000000, 9.212552000000, 4.101613000000], 
[-0.914400000000, -0.942889000000, -11.162479000000], 
[0.914400000000, 6.595963000000, -3.326198000000], 
[0.914400000000, 7.548358000000, -8.812866000000], 
[-0.457200000000, -9.767164000000, -8.117420000000], 
[-0.246339000000, 11.357637000000, 5.682787000000], 
[0.914400000000, 3.096033000000, 6.567651000000], 
[0.457200000000, -9.533538000000, 8.390569000000], 
[-0.914400000000, 7.532850000000, 1.617747000000], 
[0.914400000000, 5.982892000000, -6.215148000000], 
[0.914400000000, 2.779989000000, -5.990128000000], 
[0.914400000000, 1.622632000000, -7.902249000000], 
[-0.914400000000, 8.958425000000, -3.758001000000], 
[0.914400000000, -0.931456000000, -12.223359000000], 
[-0.914400000000, 3.850635000000, 6.413938000000], 
[-0.580640000000, 12.698702000000, 0.181596000000], 
[-0.914400000000, 11.382515000000, -3.172162000000], 
[-0.914400000000, 8.785334000000, -3.121858000000], 
[-0.914400000000, -6.504854000000, 3.650875000000], 
[0.914400000000, -4.487143000000, -11.112908000000], 
[0.914400000000, -8.462045000000, -2.176812000000], 
[0.457200000000, 2.499677000000, -12.451571000000], 
[0.914400000000, -4.256146000000, 10.824532000000], 
[0.914400000000, -7.509171000000, 6.481890000000], 
[0.914400000000, -7.099371000000, -8.187378000000], 
[-0.914400000000, -6.733993000000, -2.666767000000], 
[0.914400000000, 3.667901000000, 10.796604000000], 
[0.914400000000, -8.537632000000, -1.046028000000], 
[0.914400000000, -5.132023000000, -8.280631000000], 
[0.914400000000, 2.020934000000, 7.963903000000], 
[-0.914400000000, -10.411941000000, 1.065576000000], 
[-0.914400000000, 8.214090000000, 3.068320000000], 
[-0.914400000000, -7.353384000000, -7.194623000000], 
[-0.914400000000, -4.513768000000, 3.044232000000], 
[0.914400000000, 4.355665000000, -2.965007000000], 
[0.914400000000, -8.981142000000, -1.642033000000], 
[0.914400000000, -7.104149000000, 7.363760000000], 
[-0.914400000000, -11.327503000000, -3.280612000000], 
[0.914400000000, -0.686310000000, -10.435416000000], 
[0.226367000000, 12.156246000000, -3.676368000000], 
[0.914400000000, 9.881054000000, -7.978394000000], 
[-0.914400000000, 6.595578000000, -10.422756000000], 
[0.914400000000, -7.766211000000, -4.708223000000], 
[-0.914400000000, -2.212590000000, -5.541420000000], 
[0.914400000000, 0.852779000000, 7.349151000000], 
[0.914400000000, 8.390569000000, 9.533538000000], 
[0.914400000000, 6.905993000000, 5.173862000000], 
[-0.914400000000, 6.349201000000, -5.689361000000], 
[0.914400000000, -7.150746000000, 9.335784000000], 
[0.914400000000, 6.764342000000, 3.687291000000], 
[0.914400000000, 9.013464000000, 4.450982000000], 
[0.914400000000, -0.237103000000, 12.190351000000], 
[-0.914400000000, -0.941077000000, 4.909294000000], 
[0.914400000000, 4.399902000000, -11.913474000000], 
[-0.914400000000, 3.373718000000, 12.243693000000], 
[0.914400000000, -4.684708000000, -9.422545000000], 
[0.914400000000, 5.476788000000, 4.677166000000], 
[-0.914400000000, 5.619304000000, 6.709426000000], 
[-0.914400000000, 10.473584000000, 2.146928000000], 
[-0.044804000000, 4.759059000000, -0.392290000000], 
[-0.914400000000, -2.924795000000, 10.307579000000], 
[0.914400000000, 4.948885000000, 1.310576000000], 
[0.914400000000, 11.302571000000, -5.241292000000], 
[0.914400000000, 6.530340000000, -8.611700000000], 
[0.000000000000, 5.066860000000, -11.645468000000], 
[0.914400000000, -6.261559000000, -9.192278000000], 
[0.914400000000, 4.368704000000, 9.795993000000], 
[-0.914400000000, 4.211739000000, 10.519231000000], 
[0.914400000000, 4.154324000000, 3.916191000000], 
[0.914400000000, -4.198334000000, 3.098511000000], 
[-0.914400000000, 11.978219000000, -3.025272000000], 
[0.914400000000, 9.296133000000, 6.042171000000], 
[0.914400000000, -9.168842000000, 8.787624000000], 
[-0.914400000000, 7.787558000000, 1.468580000000], 
[0.914400000000, 4.675603000000, 7.277834000000], 
[-0.914400000000, 9.651317000000, 8.254821000000], 
[0.914400000000, 6.621008000000, -7.175294000000], 
[-0.914400000000, -6.908173000000, -6.926540000000], 
[0.914400000000, 3.598476000000, -6.523863000000], 
[0.914400000000, 0.444573000000, 8.692421000000], 
[-0.914400000000, -3.044548000000, 6.474071000000], 
[-0.914400000000, 6.475492000000, -1.506966000000], 
[-0.914400000000, 1.698048000000, 9.675149000000], 
[-0.914400000000, 7.459431000000, -5.297646000000], 
[0.173948000000, 2.958425000000, 3.748367000000], 
[0.914400000000, -6.089009000000, 4.754330000000], 
[-0.914400000000, -6.560314000000, -5.826711000000], 
[-0.914400000000, 8.809412000000, -8.000958000000], 
[0.914400000000, 1.630787000000, -10.072389000000], 
[0.914400000000, 12.194727000000, 3.546639000000], 
[0.914400000000, 8.384753000000, -0.528575000000], 
[0.538843000000, 10.819348000000, 6.650693000000], 
[0.914400000000, -4.229209000000, -7.117209000000], 
[-0.914400000000, -7.982460000000, 8.813812000000], 
[-0.914400000000, 5.000069000000, 7.302886000000], 
[0.914400000000, -3.360184000000, 5.442411000000], 
[0.914400000000, 8.214090000000, 3.068320000000], 
[0.914400000000, 2.688970000000, 11.856432000000], 
[0.914400000000, -1.401398000000, 9.279133000000], 
[-0.457196000000, 7.695586000000, -10.102869000000], 
[-0.914400000000, -8.307780000000, -2.510581000000], 
[0.914400000000, -6.080683000000, 10.870020000000], 
[0.457216000000, 7.978423000000, 9.881031000000], 
[-0.914400000000, 1.112398000000, 11.774963000000], 
[-0.914400000000, -8.136663000000, 6.121882000000], 
[0.914400000000, 9.112659000000, -1.009042000000], 
[0.914400000000, -7.226766000000, 9.018405000000], 
[0.914400000000, -6.609432000000, 8.240370000000], 
[-0.914400000000, 5.487826000000, -6.919372000000], 
[-0.914400000000, -0.598140000000, 9.860485000000], 
[0.914400000000, -4.921336000000, 3.669625000000], 
[0.914400000000, -8.970873000000, 6.816101000000], 
[-0.914400000000, -8.237103000000, 7.725595000000], 
[0.914400000000, 1.333126000000, -5.513998000000], 
[0.914400000000, 8.397189000000, -8.797724000000], 
[0.914400000000, 5.623256000000, -0.640920000000], 
[0.914400000000, 5.066860000000, -11.645468000000], 
[0.914400000000, -11.739684000000, 0.562609000000], 
[-0.914400000000, 3.294142000000, 11.385178000000], 
[-0.914400000000, -11.739684000000, 0.562609000000], 
[-0.914400000000, 2.247722000000, 8.554726000000], 
[0.914400000000, -3.013436000000, -5.986882000000], 
[-0.914400000000, -6.387889000000, -3.335427000000], 
[0.914400000000, -6.648910000000, -6.375946000000], 
[-0.914400000000, 0.214441000000, 11.462920000000], 
[-0.914400000000, 6.417405000000, -10.692307000000], 
[0.914400000000, -11.720223000000, -3.948724000000], 
[-0.914400000000, -1.362350000000, 10.304766000000], 
[-0.914400000000, -0.773093000000, -6.022028000000], 
[-0.914400000000, -3.499404000000, -10.020228000000], 
[-0.691083000000, 1.903651000000, 4.379343000000], 
[-0.914400000000, 4.623288000000, -10.040651000000], 
[-0.914400000000, 8.260450000000, -3.786645000000], 
[-0.914400000000, 9.862295000000, 2.871354000000], 
[0.000000000000, -10.102876000000, 7.695576000000], 
[0.914400000000, -6.417984000000, -1.669405000000], 
[0.914400000000, -8.738181000000, -8.087746000000], 
[-0.914400000000, 11.419932000000, 5.556542000000], 
[-0.914400000000, 8.846432000000, 3.406640000000], 
[0.914400000000, -1.153154000000, -11.370184000000], 
[-0.914400000000, 5.783280000000, 2.145571000000], 
[0.914400000000, -1.764221000000, -12.383498000000], 
[0.914400000000, 2.757189000000, 4.499462000000], 
[0.914400000000, 10.703874000000, -2.030477000000], 
[-0.688609000000, 10.206935000000, 7.557016000000], 
[-0.914400000000, 7.282000000000, -1.594599000000], 
[0.914400000000, 6.547736000000, -6.389368000000], 
[-0.166467000000, 12.680645000000, 0.700880000000], 
[0.914400000000, -1.401398000000, -9.279133000000], 
[-0.212969000000, 12.691818000000, 0.455808000000], 
[-0.914400000000, -4.533820000000, -7.727292000000], 
[0.000000000000, 0.539003000000, -12.688557000000], 
[-0.914400000000, -1.584923000000, -5.607743000000], 
[0.914400000000, 7.837770000000, 9.992966000000], 
[0.914400000000, 6.190724000000, 2.279813000000], 
[0.914400000000, -7.349698000000, 0.721487000000], 
[0.914400000000, -3.230083000000, 10.841953000000], 
[-0.914400000000, 11.631849000000, 4.319514000000], 
[-0.914400000000, 4.732889000000, -6.490042000000], 
[0.556409000000, 11.681458000000, -4.983327000000], 
[0.457200000000, -1.791225000000, 12.573047000000], 
[0.914400000000, -2.040912000000, 8.680502000000], 
[-0.914400000000, 3.728506000000, 8.137531000000], 
[0.914400000000, -2.542656000000, 5.392651000000], 
[0.914400000000, 6.125424000000, 4.531452000000], 
[-0.914400000000, 8.392681000000, 4.504771000000], 
[0.914400000000, 5.777426000000, 4.625514000000], 
[0.914400000000, 3.782301000000, 10.242989000000], 
[-0.914400000000, 6.396350000000, -1.756581000000], 
[0.914400000000, 0.403916000000, 10.645542000000], 
[-0.457200000000, -2.851041000000, -12.375846000000], 
[0.914400000000, -9.683084000000, -3.238727000000], 
[0.662323000000, 2.846143000000, -3.834320000000], 
[-0.914400000000, 6.679404000000, 4.997101000000], 
[-0.914400000000, -8.247303000000, 8.921591000000], 
[0.914400000000, -3.884527000000, 6.090536000000], 
[0.914400000000, 1.582427000000, 6.404586000000], 
[-0.914400000000, -8.476477000000, -3.333726000000], 
[-0.914400000000, 2.784921000000, -8.499917000000], 
[0.914400000000, 5.090527000000, 4.343370000000], 
[-0.914400000000, 6.103292000000, 7.434111000000], 
[0.914400000000, 6.103292000000, 7.434111000000], 
[-0.914400000000, 0.458948000000, 11.896732000000], 
[-0.914400000000, 2.667998000000, 6.799168000000], 
[-0.914400000000, -5.931822000000, 7.057255000000], 
[0.914400000000, -10.505073000000, -0.191516000000], 
[-0.914400000000, -11.348648000000, 4.944408000000], 
[-0.457200000000, 3.890315000000, -12.089477000000], 
[0.914400000000, -7.380665000000, 5.405401000000], 
[-0.914400000000, 8.705785000000, 2.367347000000], 
[0.914400000000, -12.277855000000, 1.899165000000], 
[0.914400000000, -3.907386000000, 9.864570000000], 
[0.914400000000, 9.335027000000, 0.152648000000], 
[-0.914400000000, 10.448258000000, -1.932812000000], 
[0.914400000000, -2.005079000000, 11.393972000000], 
[0.914400000000, 8.185756000000, -7.809733000000], 
[-0.914400000000, -11.258114000000, -5.877488000000], 
[-0.914400000000, 3.163410000000, -7.395976000000], 
[-0.914400000000, 1.885086000000, -6.910122000000], 
[0.914400000000, -6.954267000000, -8.502889000000], 
[0.914400000000, 8.725044000000, 0.969420000000], 
[-0.914400000000, 1.419773000000, -6.092307000000], 
[0.914400000000, 7.581611000000, 0.840717000000], 
[-0.914400000000, 6.905540000000, 6.414843000000], 
[0.000000000000, 6.350000000000, 10.998523000000], 
[0.914400000000, 6.279333000000, -3.033297000000], 
[0.914400000000, 2.241356000000, -5.454853000000], 
[0.914400000000, -2.995928000000, -9.038313000000], 
[0.914400000000, -1.177777000000, -5.584428000000], 
[0.914400000000, 9.182979000000, 7.388481000000], 
[-0.914400000000, 3.093216000000, 4.895399000000], 
[-0.914400000000, -2.689966000000, -3.945455000000], 
[-0.914400000000, 12.618701000000, -1.434705000000], 
[-0.914400000000, 5.204461000000, -9.714583000000], 
[-0.914400000000, -0.773093000000, 6.022028000000], 
[-0.914400000000, 3.241615000000, 12.028412000000], 
[-0.914400000000, -2.564381000000, 8.635565000000], 
[-0.914400000000, -1.503673000000, 6.196009000000], 
[-0.914400000000, 4.795878000000, 7.882709000000], 
[0.914400000000, 7.916658000000, -7.070775000000], 
[0.914400000000, -2.692644000000, -5.121222000000], 
[-0.914400000000, 9.410338000000, 5.687231000000], 
[-0.542469000000, 12.491141000000, -2.293775000000], 
[0.914400000000, 2.525827000000, -9.461365000000], 
[-0.914400000000, 1.516694000000, 7.568582000000], 
[-0.914400000000, 5.334781000000, 8.929907000000], 
[0.034949000000, 12.658241000000, 1.029040000000], 
[0.457200000000, 6.811069000000, -10.719111000000], 
[0.914400000000, 6.329445000000, 7.113707000000], 
[0.914400000000, 9.919913000000, 1.263263000000], 
[0.914400000000, 1.129590000000, -5.271532000000], 
[-0.914400000000, 6.835411000000, -2.401669000000], 
[-0.914400000000, 11.126426000000, 0.733905000000], 
[0.914400000000, -8.436395000000, 2.616566000000], 
[0.914400000000, -4.745615000000, -3.538218000000], 
[-0.914400000000, -10.532093000000, -5.664961000000], 
[-0.914400000000, -6.200865000000, 7.033382000000], 
[-0.914400000000, -0.872772000000, 7.942967000000], 
[-0.914400000000, 8.413528000000, -5.864360000000], 
[0.000000000000, -1.968965000000, 12.546441000000], 
[-0.914400000000, -2.675627000000, -12.414952000000], 
[-0.914400000000, 2.534436000000, 6.083173000000], 
[-0.194059000000, 10.632000000000, 6.946264000000], 
[-0.914400000000, 2.095587000000, 6.528499000000], 
[0.914400000000, 3.286761000000, -4.092744000000], 
[-0.914400000000, -5.346155000000, -11.052420000000], 
[0.914400000000, -6.560314000000, -5.826711000000], 
[-0.914400000000, 4.403464000000, 4.972757000000], 
[-0.914400000000, -2.903483000000, 9.321608000000], 
[-0.914400000000, -4.826777000000, -11.537253000000], 
[-0.914400000000, -9.306326000000, 1.916723000000], 
[-0.914400000000, -4.826777000000, 11.537253000000], 
[0.914400000000, 5.553020000000, -2.446105000000], 
[0.914400000000, 5.200211000000, 2.268829000000], 
[-0.914400000000, 1.622632000000, -7.902249000000], 
[0.914400000000, -3.721577000000, 10.664020000000], 
[-0.914400000000, 1.407515000000, -4.563051000000], 
[0.914400000000, 8.922516000000, -0.386506000000], 
[0.914400000000, 6.377788000000, 5.389057000000], 
[0.914400000000, 10.822649000000, 4.812074000000], 
[0.914400000000, 8.268549000000, 5.074793000000], 
[0.914400000000, -8.025388000000, 9.101988000000], 
[-0.914400000000, -4.476218000000, -6.459703000000], 
[-0.914400000000, 9.999767000000, 6.595053000000], 
[0.914400000000, 4.691955000000, -11.088963000000], 
[0.914400000000, -5.308805000000, -8.936951000000], 
[-0.914400000000, -4.617713000000, 8.393546000000], 
[-0.914400000000, 1.698048000000, -9.675149000000], 
[-0.914400000000, -10.184643000000, -5.574917000000], 
[-0.187495000000, -1.521804000000, -4.526218000000], 
[-0.914400000000, 1.630787000000, 10.072389000000], 
[-0.914400000000, 0.356851000000, 4.761848000000], 
[-0.914400000000, 3.358944000000, 11.032257000000], 
[-0.914400000000, 9.686205000000, 6.143887000000], 
[-0.914400000000, -4.963117000000, 5.082226000000], 
[-0.914400000000, 0.573084000000, 5.086261000000], 
[-0.914400000000, 0.644235000000, 9.681996000000], 
[0.914400000000, 2.093739000000, 5.699014000000], 
[0.914400000000, -6.805222000000, 0.393841000000], 
[0.914400000000, -7.205333000000, 4.609826000000], 
[-0.914400000000, -4.197954000000, 9.092871000000], 
[0.914400000000, 8.773802000000, 1.401695000000], 
[-0.914400000000, -12.361979000000, 1.205463000000], 
[-0.457200000000, -5.556542000000, 11.419932000000], 
[-0.914400000000, 10.968278000000, -5.706816000000], 
[0.914400000000, 1.903003000000, 7.596896000000], 
[-0.914400000000, -1.805468000000, -9.928563000000], 
[-0.914400000000, -10.643764000000, -4.621234000000], 
[0.914400000000, 1.918354000000, -11.088569000000], 
[0.914400000000, -9.482439000000, -3.527541000000], 
[-0.914400000000, -9.265571000000, 3.599854000000], 
[0.914400000000, 8.949987000000, -1.723560000000], 
[0.914400000000, 2.527356000000, 7.860909000000], 
[0.914400000000, -5.709501000000, -2.181075000000], 
[0.914400000000, 1.748524000000, 12.300477000000], 
[0.914400000000, 7.932289000000, -3.806178000000], 
[-0.914400000000, -9.832694000000, 7.697023000000], 
[0.914400000000, 5.343350000000, -6.658506000000], 
[0.914400000000, -10.590473000000, -1.870725000000], 
[-0.914400000000, 0.797946000000, -8.973335000000], 
[-0.914400000000, -0.114503000000, 11.317649000000], 
[0.914400000000, 4.623288000000, 10.040651000000], 
[0.914400000000, -5.712466000000, -10.303862000000], 
[0.914400000000, -1.512526000000, -8.505956000000], 
[-0.914400000000, -7.162867000000, -8.765725000000], 
[-0.914400000000, -0.491103000000, 4.996054000000], 
[0.914400000000, -7.797895000000, -3.845446000000], 
[0.914400000000, 4.192823000000, 7.594424000000], 
[-0.914400000000, -1.665691000000, 4.743109000000], 
[0.914400000000, -4.583146000000, 5.118830000000], 
[-0.914400000000, -9.607399000000, 3.887154000000], 
[-0.237505000000, 11.121195000000, -6.132620000000], 
[0.914400000000, 4.795878000000, 7.882709000000], 
[0.914400000000, 6.527912000000, 10.009215000000], 
[-0.914400000000, -1.151590000000, 12.400838000000], 
[0.914400000000, 6.659618000000, 2.992292000000], 
[-0.914400000000, 1.003503000000, -7.735547000000], 
[-0.914400000000, 8.047596000000, 4.076413000000], 
[0.914400000000, -5.532293000000, 0.471709000000], 
[-0.914400000000, 0.218111000000, -11.816313000000], 
[0.914400000000, -5.066860000000, -11.645468000000], 
[-0.457200000000, 0.718503000000, 12.679659000000], 
[-0.914400000000, -11.809865000000, -1.422211000000], 
[0.914400000000, 6.414592000000, -5.091477000000], 
[-0.914400000000, -10.636311000000, 0.306784000000], 
[-0.914400000000, -5.282232000000, 9.394983000000], 
[-0.914400000000, 0.441590000000, 7.896156000000], 
[0.914400000000, 1.129590000000, 5.271532000000], 
[0.914400000000, -0.897859000000, -12.668222000000], 
[-0.914400000000, -1.184542000000, 9.482294000000], 
[0.914400000000, 11.717596000000, -2.349919000000], 
[-0.914400000000, 5.409328000000, 6.030243000000], 
[-0.914400000000, 3.059930000000, 9.163650000000], 
[-0.914400000000, -3.246714000000, -10.594470000000], 
[0.914400000000, -0.859240000000, 6.521420000000], 
[0.914400000000, -1.619822000000, -9.092575000000], 
[-0.914400000000, 11.950310000000, -1.522278000000], 
[-0.051660000000, 12.693614000000, -0.402702000000], 
[-0.062373000000, 3.916969000000, -2.731280000000], 
[-0.914400000000, -4.590746000000, 10.841125000000], 
[0.914400000000, -0.470754000000, 11.448646000000], 
[-0.914400000000, 1.920282000000, 10.714448000000], 
[0.914400000000, 7.401484000000, 1.928925000000], 
[0.914400000000, 7.210359000000, -4.246428000000], 
[-0.914400000000, 5.830657000000, -7.269490000000], 
[0.914400000000, 6.530140000000, -0.343147000000], 
[0.457200000000, -10.210764000000, 7.551841000000], 
[-0.914400000000, -6.962071000000, -10.621655000000], 
[-0.914400000000, 5.690639000000, 6.122918000000], 
[0.914400000000, 11.572602000000, 5.231146000000], 
[-0.914400000000, -4.225535000000, -11.139485000000], 
[-0.914400000000, 2.218842000000, -10.882302000000], 
[0.914400000000, -8.078710000000, -0.074402000000], 
[0.914400000000, 6.764342000000, -3.687291000000], 
[-0.914400000000, 4.192823000000, -7.594424000000], 
[-0.914400000000, -11.308597000000, 2.521381000000], 
[0.914400000000, 6.417405000000, 10.692307000000], 
[-0.914400000000, -10.316606000000, -7.406594000000], 
[0.914400000000, -10.852563000000, -0.027831000000], 
[0.000000000000, -11.850019000000, 4.568047000000], 
[0.000000000000, -1.255996000000, 12.637740000000], 
[0.914400000000, -1.062582000000, -4.655476000000], 
[0.914400000000, 4.960167000000, 8.195829000000], 
[0.914400000000, 3.163410000000, 7.395976000000], 
[0.914400000000, 4.672140000000, 8.281505000000], 
[-0.914400000000, 11.390470000000, -2.364653000000], 
[-0.914400000000, -5.053340000000, 7.965498000000], 
[0.914400000000, 6.012376000000, 9.664980000000], 
[0.914400000000, 1.499930000000, -7.232023000000], 
[0.914400000000, -5.738496000000, -3.456381000000], 
[-0.914400000000, -4.745615000000, -3.538218000000], 
[0.914400000000, 9.042477000000, 5.403289000000], 
[-0.914400000000, 3.500601000000, 10.060780000000], 
[-0.914400000000, -1.556969000000, 7.091851000000], 
[-0.914400000000, 8.285938000000, -7.568365000000], 
[-0.914400000000, -1.020426000000, -11.674747000000], 
[0.914400000000, 4.585585000000, -9.101394000000], 
[0.914400000000, -1.945159000000, 9.463563000000], 
[-0.914400000000, 10.088263000000, 5.804394000000], 
[0.914400000000, -4.770143000000, 2.225284000000], 
[-0.914400000000, -7.382096000000, 8.052567000000], 
[0.544566000000, 4.044595000000, 2.538462000000], 
[0.000036000000, 8.117483000000, 9.767112000000], 
[-0.914400000000, 3.500601000000, -10.060780000000], 
[0.000000000000, -5.394384000000, -11.497418000000], 
[0.914400000000, 4.424837000000, 7.789780000000], 
[0.914400000000, -0.000000000000, 4.775200000000], 
[0.914400000000, 7.197608000000, -2.571618000000], 
[0.914400000000, -8.857075000000, 8.057959000000], 
[0.914400000000, 5.419346000000, -5.585033000000], 
[0.914400000000, 4.953706000000, -3.457977000000], 
[-0.914400000000, 7.785530000000, 5.316000000000], 
[0.914400000000, -2.956640000000, 4.602015000000], 
[0.914400000000, 11.504981000000, -3.863390000000], 
[-0.914400000000, -0.315993000000, 7.159784000000], 
[-0.914400000000, 7.548358000000, 8.812866000000], 
[-0.914400000000, 4.893753000000, 2.349568000000], 
[-0.914400000000, -10.930748000000, 2.760658000000], 
[0.914400000000, 7.995289000000, -6.401293000000], 
[-0.914400000000, -6.280220000000, 1.184993000000], 
[-0.460276000000, -3.375092000000, 3.378060000000], 
[-0.914400000000, 1.172682000000, 9.464088000000], 
[-0.914400000000, -6.166887000000, -1.202305000000], 
[0.914400000000, -6.361061000000, 9.964327000000], 
[-0.914400000000, 4.946661000000, -9.686187000000], 
[-0.914400000000, 9.195889000000, 6.398841000000], 
[-0.914400000000, -0.612390000000, -11.041894000000], 
[-0.914400000000, -1.887623000000, 11.138677000000], 
[0.914400000000, -10.481813000000, 0.076367000000], 
[0.914400000000, 1.855776000000, 11.789727000000], 
[-0.914400000000, -6.844123000000, 9.358892000000], 
[-0.914400000000, -5.121022000000, 6.391177000000], 
[-0.914400000000, -12.618701000000, 1.434705000000], 
[0.914400000000, -2.512242000000, 5.682112000000], 
[-0.914400000000, -6.656453000000, 4.958584000000], 
[0.914400000000, 2.793026000000, -5.114466000000], 
[0.914400000000, -7.748121000000, 9.300130000000], 
[-0.914400000000, -3.882018000000, 10.168425000000], 
[0.914400000000, -11.547565000000, 3.310016000000], 
[0.914400000000, 3.782301000000, -10.242989000000], 
[-0.914400000000, -7.820742000000, 0.519113000000], 
[-0.914400000000, 5.741155000000, 7.903860000000], 
[0.914400000000, -6.103801000000, -8.934326000000], 
[0.914400000000, -7.551841000000, 10.210764000000], 
[-0.914400000000, -5.066860000000, -11.645468000000], 
[0.914400000000, -2.740223000000, -4.247878000000], 
[-0.914400000000, 4.893753000000, -2.349568000000], 
[-0.914400000000, 4.168965000000, 9.464468000000], 
[-0.914400000000, 1.613126000000, 12.597136000000], 
[0.914400000000, -7.020759000000, -4.769445000000], 
[0.914400000000, -9.141141000000, -0.663650000000], 
[0.914400000000, -4.263109000000, 9.392923000000], 
[0.914400000000, -3.882018000000, -10.168425000000], 
[-0.914400000000, 6.543113000000, 2.290101000000], 
[0.914400000000, 10.166252000000, -2.788143000000], 
[-0.552863000000, -0.002087000000, -4.775200000000], 
[0.914400000000, 8.413528000000, 5.864360000000], 
[0.914400000000, 9.154698000000, 3.451131000000], 
[0.914400000000, 0.483693000000, 11.328976000000], 
[0.914400000000, 11.155491000000, -2.548916000000], 
[0.914400000000, 5.127612000000, 10.425859000000], 
[0.914400000000, 7.556374000000, -1.350179000000], 
[0.914400000000, 5.087992000000, 2.925010000000], 
[0.914400000000, -2.266740000000, 5.243772000000], 
[-0.914400000000, -2.146378000000, -4.933215000000], 
[0.914400000000, -11.308597000000, 2.521381000000], 
[0.914400000000, 9.279159000000, 2.129149000000], 
[-0.914400000000, -4.153623000000, -8.014853000000], 
[-0.914400000000, -4.061002000000, 12.033215000000], 
[0.914400000000, 0.392850000000, -6.437708000000], 
[0.914400000000, -11.092042000000, -4.234806000000], 
[0.914400000000, -7.021806000000, -6.324913000000], 
[0.347223000000, -1.783692000000, 4.429557000000], 
[-0.914400000000, 4.709937000000, -2.925232000000], 
[-0.914400000000, -3.216251000000, 4.428053000000], 
[-0.914400000000, -9.837856000000, 5.724889000000], 
[-0.914400000000, -9.015662000000, 7.412706000000], 
[-0.448187000000, 9.790592000000, 8.089147000000], 
[-0.914400000000, -0.129244000000, -10.465766000000], 
[0.914400000000, 2.977289000000, -3.733402000000], 
[-0.914400000000, 10.885776000000, -4.249610000000], 
[-0.457200000000, -1.434705000000, -12.618701000000], 
[-0.914400000000, -6.680243000000, 10.532761000000], 
[0.914400000000, 0.458948000000, -11.896732000000], 
[-0.914400000000, -7.551841000000, -10.210764000000], 
[-0.914400000000, 6.867984000000, -5.457425000000], 
[-0.914400000000, 0.538005000000, 9.286973000000], 
[-0.914400000000, 7.246279000000, -10.085524000000], 
[0.914400000000, -2.940332000000, -6.274641000000], 
[0.914400000000, -4.963117000000, 5.082226000000], 
[0.914400000000, 1.452812000000, -9.509058000000], 
[-0.914400000000, -4.501303000000, 5.459969000000], 
[-0.914400000000, -8.662948000000, 7.310258000000], 
[-0.631157000000, 1.645838000000, 4.482606000000], 
[0.914400000000, 5.409328000000, -6.030243000000], 
[-0.914400000000, -1.529219000000, 6.800654000000], 
[-0.914400000000, -2.999179000000, -6.791910000000], 
[-0.914400000000, 3.619437000000, 6.210378000000], 
[0.914400000000, -7.297205000000, -6.328907000000], 
[0.914400000000, 5.050304000000, 10.038292000000], 
[0.914400000000, -9.752320000000, -7.157509000000], 
[0.914400000000, 10.817216000000, 2.101121000000], 
[0.914400000000, -11.296532000000, 4.251532000000], 
[0.914400000000, 7.255770000000, -9.467770000000], 
[-0.914400000000, -9.475640000000, -2.988944000000], 
[0.914400000000, 6.288694000000, 5.980527000000], 
[-0.914400000000, 4.965294000000, -0.924730000000], 
[-0.914400000000, 4.684241000000, 5.065277000000], 
[-0.914400000000, 7.433344000000, -4.461661000000], 
[-0.914400000000, -11.576144000000, -3.571933000000], 
[-0.914400000000, -8.004689000000, 7.888653000000], 
[-0.457200000000, 2.146310000000, -12.517322000000], 
[-0.914400000000, -5.425877000000, 1.039342000000], 
[-0.914400000000, -8.213463000000, 2.464653000000], 
[0.914400000000, -0.427054000000, -10.450947000000], 
[-0.457200000000, -12.637740000000, -1.255996000000], 
[-0.457200000000, 4.568047000000, -11.850019000000], 
[-0.914400000000, -8.556245000000, 7.895049000000], 
[0.554357000000, 12.641437000000, -1.218222000000], 
[0.914400000000, 4.959539000000, 5.565350000000], 
[0.914400000000, 8.102893000000, -6.092217000000], 
[0.914400000000, 10.406931000000, 3.705917000000], 
[0.162467000000, 10.916985000000, 6.489179000000], 
[-0.914400000000, -7.048739000000, 2.091777000000], 
[0.914400000000, 2.283564000000, -7.402601000000], 
[-0.914400000000, 10.719111000000, 6.811069000000], 
[0.457200000000, 2.146310000000, 12.517322000000], 
[-0.914400000000, -12.237640000000, 1.522774000000], 
[0.914400000000, -9.955318000000, -3.250445000000], 
[-0.914400000000, 5.308668000000, 0.755221000000], 
[0.914400000000, -10.282680000000, -4.465005000000], 
[0.914400000000, -10.364639000000, 5.785209000000], 
[-0.914400000000, 7.673236000000, 1.824555000000], 
[0.914400000000, -5.516804000000, -6.859293000000], 
[0.914400000000, -10.095531000000, 5.104969000000], 
[0.914400000000, -8.393111000000, 1.308163000000], 
[0.914400000000, 1.589552000000, -6.924981000000], 
[-0.914400000000, -10.852563000000, -0.027831000000], 
[0.914400000000, -2.040912000000, -8.680502000000], 
[-0.914400000000, -6.691605000000, -5.351364000000], 
[0.914400000000, 7.102688000000, -5.654495000000], 
[0.914400000000, -7.072454000000, -5.436699000000], 
[0.914400000000, 6.790141000000, -9.884818000000], 
[0.914400000000, -4.654599000000, -11.337992000000], 
[0.914400000000, -6.272903000000, 2.975254000000], 
[0.914400000000, 7.096191000000, 9.132783000000], 
[0.914400000000, -2.410160000000, 10.183500000000], 
[-0.914400000000, 9.817057000000, -0.669068000000], 
[0.914400000000, -2.098613000000, 5.842842000000], 
[0.914400000000, 1.015582000000, 6.098118000000], 
[-0.717189000000, 12.686216000000, 0.591545000000], 
[0.914400000000, -4.952875000000, 9.574199000000], 
[-0.914400000000, 7.159500000000, 8.347517000000], 
[-0.914400000000, -1.374171000000, -4.929988000000], 
[0.914400000000, 10.907563000000, -6.505003000000], 
[0.914400000000, 12.089477000000, 3.890315000000], 
[-0.914400000000, -9.444864000000, -7.287851000000], 
[-0.914400000000, 11.974544000000, 4.230875000000], 
[-0.914400000000, -10.168750000000, -2.500434000000], 
[-0.914400000000, -4.389138000000, 6.830433000000], 
[0.914400000000, 5.042373000000, -2.621447000000], 
[-0.914400000000, 0.711707000000, 4.721865000000], 
[0.914400000000, -7.108020000000, 0.487941000000], 
[-0.914400000000, -4.325016000000, -10.297965000000], 
[-0.914400000000, -5.232993000000, -4.288891000000], 
[0.914400000000, 7.774365000000, -8.218310000000], 
[-0.914400000000, -10.481813000000, 0.076367000000], 
[0.000000000000, -9.413850000000, 8.524636000000], 
[-0.363498000000, 12.656115000000, -1.054870000000], 
[-0.914400000000, -5.570799000000, 2.883385000000], 
[0.914400000000, 6.147037000000, 5.527787000000], 
[0.914400000000, -1.177777000000, 5.584428000000], 
[0.914400000000, 10.733122000000, 0.337336000000], 
[-0.572106000000, 11.540881000000, -5.300762000000], 
[0.914400000000, -4.907295000000, 1.659379000000], 
[-0.914400000000, 6.377788000000, 5.389057000000], 
[0.914400000000, -4.872065000000, 10.343325000000], 
[0.914400000000, -2.578558000000, -5.388118000000], 
[-0.914400000000, 0.966766000000, -8.653823000000], 
[-0.914400000000, 0.955431000000, -9.953590000000], 
[-0.914400000000, -2.391030000000, 8.288910000000], 
[-0.914400000000, -4.952875000000, 9.574199000000], 
[-0.914400000000, -9.567900000000, -2.502473000000], 
[0.914400000000, -0.602142000000, 11.670454000000], 
[0.914400000000, -7.534812000000, -6.201796000000], 
[-0.914400000000, 5.758172000000, -1.261670000000], 
[0.914400000000, -6.883867000000, 2.844240000000], 
[0.914400000000, 9.330984000000, 7.045719000000], 
[-0.914400000000, 5.790678000000, -9.055981000000], 
[0.914400000000, -3.660074000000, 9.699416000000], 
[-0.914400000000, -1.255996000000, -12.637740000000], 
[-0.914400000000, 2.689966000000, -3.945455000000], 
[0.914400000000, 3.438203000000, 9.521948000000], 
[-0.914400000000, -7.526857000000, -6.950125000000], 
[0.914400000000, -1.545390000000, -10.126393000000], 
[-0.914400000000, -9.501198000000, 5.298407000000], 
[0.914400000000, 4.721865000000, 0.711707000000], 
[-0.914400000000, 9.701076000000, -0.996036000000], 
[0.914400000000, 1.254638000000, 5.850827000000], 
[0.914400000000, 7.012333000000, -0.197130000000], 
[-0.914400000000, -5.843108000000, -3.799206000000], 
[-0.914400000000, -3.697134000000, -8.736294000000], 
[-0.914400000000, -4.131056000000, 6.276872000000], 
[0.914400000000, 8.231531000000, 6.584388000000], 
[-0.501541000000, 11.959873000000, -4.272171000000], 
[-0.914400000000, -4.263109000000, 9.392923000000], 
[0.914400000000, -5.195994000000, 4.340812000000], 
[0.914400000000, 8.413528000000, -5.864360000000], 
[0.914400000000, 5.115717000000, 8.725907000000], 
[0.914400000000, -6.755887000000, 9.934270000000], 
[-0.914400000000, 5.395713000000, 3.744708000000], 
[-0.914400000000, -1.645672000000, -4.703059000000], 
[0.914400000000, -0.942889000000, -11.162479000000], 
[-0.914400000000, 10.166252000000, -2.788143000000], 
[0.914400000000, -6.362463000000, -6.135314000000], 
[0.914400000000, 3.977336000000, -10.752323000000], 
[0.914400000000, 11.631849000000, 4.319514000000], 
[-0.914400000000, 7.043387000000, -3.994949000000], 
[0.914400000000, 5.891825000000, 1.044000000000], 
[-0.455574000000, -2.832128000000, -3.844683000000], 
[0.457200000000, -7.978394000000, -9.881054000000], 
[-0.914400000000, -10.316606000000, 7.406594000000], 
[0.914400000000, 3.566614000000, 10.446861000000], 
[-0.914400000000, 3.913163000000, 3.772591000000], 
[0.914400000000, -11.589836000000, -0.218540000000], 
[0.914400000000, 6.414592000000, 5.091477000000], 
[0.914400000000, -8.209705000000, 0.861659000000], 
[0.914400000000, 2.240117000000, -7.732996000000], 
[0.914400000000, 11.522134000000, -2.682490000000], 
[0.914400000000, -8.097716000000, 2.757306000000], 
[-0.914400000000, 7.750465000000, 4.258387000000], 
[-0.914400000000, 2.792739000000, 5.123400000000], 
[-0.914400000000, 5.411353000000, 10.706327000000], 
[-0.914400000000, -4.428687000000, -8.094706000000], 
[0.914400000000, -1.325555000000, -5.308456000000], 
[0.914400000000, 10.470178000000, 0.843562000000], 
[-0.914400000000, -1.607616000000, -11.013811000000], 
[0.914400000000, -11.848239000000, 2.008059000000], 
[-0.914400000000, 8.029542000000, 8.311980000000], 
[0.157320000000, -1.035879000000, -4.661490000000], 
[-0.914400000000, 10.787988000000, -6.230865000000], 
[0.914400000000, -9.085525000000, 4.752951000000], 
[-0.914400000000, -0.203933000000, 5.418804000000], 
[-0.914400000000, -5.273432000000, -9.398411000000], 
[-0.914400000000, 11.821023000000, 1.227161000000], 
[0.914400000000, 10.102876000000, 7.695576000000], 
[0.914400000000, -8.771145000000, -2.926760000000], 
[-0.914400000000, -2.860490000000, -9.879983000000], 
[-0.914400000000, 3.423192000000, 5.866881000000], 
[0.914400000000, 5.756230000000, -5.861166000000], 
[-0.914400000000, -7.765502000000, 4.104635000000], 
[-0.914400000000, -5.614695000000, -7.851501000000], 
[0.914400000000, 11.390470000000, -2.364653000000], 
[-0.914400000000, -11.621338000000, -1.144823000000], 
[-0.914400000000, -1.491635000000, -9.847843000000], 
[-0.914400000000, -0.830826000000, -7.312367000000], 
[-0.458435000000, -3.618892000000, 3.115470000000], 
[0.914400000000, -7.781267000000, 1.598750000000], 
[0.000000000000, -11.572602000000, 5.231146000000], 
[0.914400000000, -5.828759000000, -5.091009000000], 
[-0.914400000000, 4.623288000000, 10.040651000000], 
[0.914400000000, -11.348648000000, 4.944408000000], 
[-0.914400000000, 4.139974000000, 8.965650000000], 
[0.914400000000, -2.339966000000, 7.077762000000], 
[0.914400000000, -4.476218000000, -6.459703000000], 
[-0.914400000000, 1.297654000000, -4.932715000000], 
[0.914400000000, 7.439606000000, 6.614847000000], 
[0.914400000000, 3.710525000000, -5.617157000000], 
[-0.914400000000, -0.893890000000, 10.897746000000], 
[0.914400000000, 0.989402000000, 10.458993000000], 
[-0.914400000000, 6.712741000000, -1.763463000000], 
[-0.914400000000, -0.114503000000, -11.317649000000], 
[0.914400000000, 2.862340000000, 6.571145000000], 
[0.914400000000, -4.028409000000, -3.874346000000], 
[-0.914400000000, 9.620268000000, -0.383463000000], 
[-0.914400000000, 8.458302000000, 1.958094000000], 
[0.914400000000, -4.520606000000, -3.015390000000], 
[-0.914400000000, -2.650015000000, 8.994675000000], 
[0.914400000000, -5.916364000000, 8.346384000000], 
[-0.914400000000, -10.729202000000, -3.033199000000], 
[0.914400000000, 6.233624000000, -9.386323000000], 
[0.000000000000, -8.656997000000, -9.292277000000], 
[0.914400000000, -5.941704000000, 0.811745000000], 
[-0.914400000000, 8.698553000000, -5.808296000000], 
[-0.914400000000, -2.023569000000, -6.139146000000], 
[-0.914400000000, 9.847715000000, -5.936863000000], 
[-0.914400000000, -6.919724000000, 2.580953000000], 
[0.914400000000, 7.210359000000, 4.246428000000], 
[0.914400000000, -7.640837000000, -0.899260000000], 
[-0.914400000000, -10.312410000000, 1.890160000000], 
[0.914400000000, -6.243019000000, 7.828609000000], 
[-0.914400000000, 6.826305000000, 0.888381000000], 
[-0.914400000000, -4.761848000000, -0.356851000000], 
[0.914400000000, -4.633110000000, -8.726831000000], 
[0.914400000000, 9.872673000000, 1.916006000000], 
[0.914400000000, 3.850635000000, 6.413938000000], 
[0.914400000000, -8.697945000000, -0.311511000000], 
[-0.914400000000, -7.730854000000, 5.148378000000], 
[-0.914400000000, -7.226766000000, 9.018405000000], 
[0.914400000000, 2.000899000000, -7.217373000000], 
[-0.914400000000, 6.781666000000, -6.088972000000], 
[-0.914400000000, -11.691969000000, -4.308437000000], 
[0.914400000000, 1.265404000000, -7.966869000000], 
[-0.914400000000, 9.262878000000, 6.678502000000], 
[-0.914400000000, 7.356509000000, 8.601945000000], 
[-0.914400000000, -10.095531000000, 5.104969000000], 
[0.914400000000, -7.926695000000, -1.756257000000], 
[-0.914400000000, -1.529219000000, -6.800654000000], 
[0.914400000000, 8.456378000000, 6.743564000000], 
[0.914400000000, -0.448928000000, 5.280541000000], 
[-0.914400000000, 5.487826000000, 6.919372000000], 
[0.914400000000, 9.334315000000, -7.638389000000], 
[0.914400000000, -10.223841000000, -1.925442000000], 
[0.914400000000, 6.641506000000, 5.276401000000], 
[0.914400000000, -1.503673000000, -6.196009000000], 
[0.914400000000, 6.117497000000, 10.028393000000], 
[0.914400000000, 5.107993000000, 0.198479000000], 
[-0.914400000000, 1.518442000000, -8.981604000000], 
[0.000000000000, 2.675627000000, -12.414952000000], 
[-0.106733000000, 12.088969000000, -3.891893000000], 
[-0.914400000000, -5.806677000000, 6.066001000000], 
[-0.914400000000, 4.285706000000, -9.222346000000], 
[0.914400000000, 4.484648000000, -3.832104000000], 
[-0.914400000000, -4.520606000000, -3.015390000000], 
[-0.914400000000, 6.085529000000, 0.434642000000], 
[0.914400000000, -6.526574000000, -4.658389000000], 
[-0.914400000000, 9.499337000000, 6.406673000000], 
[-0.914400000000, 10.211991000000, -0.616285000000], 
[-0.914400000000, -10.123868000000, 7.029806000000], 
[0.914400000000, -7.273640000000, -2.898212000000], 
[0.914400000000, -10.700007000000, 5.993662000000], 
[-0.914400000000, -8.826437000000, -4.850765000000], 
[0.914400000000, -7.871589000000, -2.303447000000], 
[0.914400000000, -11.255333000000, -4.939827000000], 
[-0.914400000000, -9.168842000000, 8.787624000000], 
[0.914400000000, 1.340639000000, -8.670835000000], 
[-0.914400000000, 9.609334000000, 3.290981000000], 
[0.914400000000, 9.502021000000, 3.826073000000], 
[0.914400000000, 5.977247000000, 3.085042000000], 
[-0.914400000000, 11.504981000000, -3.863390000000], 
[0.914400000000, 4.773371000000, 8.846288000000], 
[0.000000000000, -6.036211000000, 11.173816000000], 
[-0.914400000000, -3.528258000000, 8.409989000000], 
[-0.914400000000, 8.030032000000, -2.031180000000], 
[0.914400000000, 3.247961000000, 3.500469000000], 
[-0.914400000000, -7.537382000000, -8.371481000000], 
[0.914400000000, 7.555657000000, 3.069008000000], 
[-0.914400000000, 0.473528000000, -8.983041000000], 
[-0.914400000000, 7.439606000000, 6.614847000000], 
[-0.914400000000, 8.716570000000, 2.101553000000], 
[0.914400000000, 0.352311000000, 12.444680000000], 
[-0.914400000000, 3.321136000000, -8.465776000000], 
[-0.549829000000, 11.803516000000, -4.686897000000], 
[-0.914400000000, 3.659867000000, 8.508015000000], 
[-0.914400000000, -9.962223000000, -4.675533000000], 
[-0.709835000000, 0.525473000000, -4.746200000000], 
[0.914400000000, 7.096191000000, -9.132783000000], 
[0.914400000000, -3.824451000000, -7.981630000000], 
[0.000555000000, -3.246957000000, -3.501401000000], 
[-0.914400000000, 1.249523000000, -10.874860000000], 
[0.914400000000, 6.679404000000, -4.997101000000], 
[-0.914400000000, -10.311529000000, -3.670684000000], 
[-0.914400000000, 2.020934000000, -7.963903000000], 
[-0.914400000000, -11.021843000000, 4.036378000000], 
[0.009010000000, 9.668712000000, -8.234441000000], 
[0.914400000000, -7.977216000000, -8.863798000000], 
[0.914400000000, 9.761023000000, 7.137491000000], 
[-0.914400000000, -6.080108000000, -10.883894000000], 
[-0.914400000000, -0.320409000000, 10.721420000000], 
[0.171098000000, -0.695590000000, -4.724266000000], 
[-0.914400000000, 9.223919000000, 1.760255000000], 
[0.914400000000, 11.508922000000, 3.743200000000], 
[-0.914400000000, -5.083150000000, -4.576908000000], 
[0.914400000000, 3.183724000000, 10.042614000000], 
[0.914400000000, -1.020426000000, -11.674747000000], 
[0.914400000000, -3.027572000000, -4.946091000000], 
[0.914400000000, 2.071882000000, -4.302307000000], 
[-0.914400000000, -0.971337000000, -5.816837000000], 
[0.914400000000, -0.872772000000, -7.942967000000], 
[-0.914400000000, -5.890150000000, -6.809578000000], 
[0.914400000000, -5.570799000000, 2.883385000000], 
[0.914400000000, 7.786568000000, -4.589360000000], 
[-0.914400000000, 7.411888000000, 7.432181000000], 
[-0.914400000000, 0.113848000000, 7.490213000000], 
[0.914400000000, -4.112963000000, 4.810869000000], 
[-0.914400000000, -3.811248000000, -5.007202000000], 
[0.914400000000, 9.413850000000, -8.524636000000], 
[-0.914400000000, 6.749826000000, -8.869159000000], 
[0.914400000000, 6.476864000000, 2.052114000000], 
[0.914400000000, 1.050588000000, -6.741591000000], 
[0.914400000000, 2.734264000000, 4.766067000000], 
[0.914400000000, 10.144509000000, -6.971333000000], 
[-0.914400000000, 6.938981000000, -4.263710000000], 
[-0.914400000000, 6.272196000000, -9.783657000000], 
[0.914400000000, 9.058097000000, -0.709516000000], 
[0.914400000000, -12.517322000000, 2.146310000000], 
[0.914400000000, 7.438892000000, 0.077633000000], 
[0.914400000000, 7.221364000000, 5.073491000000], 
[-0.914400000000, 4.166580000000, 11.187150000000], 
[-0.914400000000, 12.254022000000, 2.199158000000], 
[-0.914400000000, -4.139814000000, -5.965177000000], 
[0.914400000000, -7.206591000000, 5.707392000000], 
[-0.914400000000, -5.147903000000, -2.501064000000], 
[-0.000009000000, -4.563049000000, 1.407522000000], 
[-0.914400000000, 7.874057000000, 8.584041000000], 
[0.914400000000, -10.626209000000, 4.674204000000], 
[0.914400000000, 7.931394000000, 6.683718000000], 
[-0.914400000000, 10.162781000000, 4.905248000000], 
[0.914400000000, -12.237640000000, 1.522774000000], 
[-0.914400000000, -11.974544000000, 4.230875000000], 
[-0.914400000000, 3.121521000000, 11.110972000000], 
[-0.914400000000, 7.032504000000, 4.567534000000], 
[0.914400000000, 10.434877000000, -6.280212000000], 
[0.914400000000, -2.512748000000, -6.344759000000], 
[-0.914400000000, 0.610941000000, -7.651848000000], 
[0.914400000000, 0.194928000000, -8.828526000000], 
[0.457200000000, 3.546639000000, 12.194727000000], 
[-0.914400000000, 1.728721000000, -6.668888000000], 
[0.914400000000, -8.817447000000, 3.653952000000], 
[0.914400000000, 6.429751000000, 4.367545000000], 
[0.914400000000, -10.131971000000, -6.818646000000], 
[-0.914400000000, -3.999734000000, -5.236759000000], 
[-0.457200000000, -8.524636000000, 9.413850000000], 
[0.914400000000, -8.619626000000, 4.709763000000], 
[-0.914400000000, 3.076506000000, 5.158440000000], 
[-0.914400000000, 1.721998000000, 7.368425000000], 
[-0.914400000000, 5.166171000000, -9.437137000000], 
[-0.457200000000, 1.791225000000, 12.573047000000], 
[-0.914400000000, -4.135445000000, -2.387600000000], 
[-0.914400000000, -1.021271000000, -5.356074000000], 
[-0.730272000000, 12.335602000000, 3.020418000000], 
[-0.914400000000, 4.905309000000, -5.230289000000], 
[0.914400000000, 3.636432000000, 11.134665000000], 
[0.329186000000, 11.199494000000, -5.988434000000], 
[0.914400000000, -4.626287000000, -10.145246000000], 
[0.914400000000, -8.486977000000, -1.709532000000], 
[0.914400000000, 1.145011000000, 9.056531000000], 
[-0.914400000000, 3.733402000000, -2.977289000000], 
[-0.914400000000, -10.925041000000, 3.484483000000], 
[0.914400000000, -0.317766000000, -11.853671000000], 
[-0.914400000000, -3.311640000000, -3.844974000000], 
[0.914400000000, 0.955431000000, -9.953590000000], 
[-0.914400000000, -8.979557000000, 7.141041000000], 
[0.914400000000, -9.139784000000, 8.272589000000], 
[-0.455662000000, 9.295814000000, -8.653198000000], 
[0.914400000000, -4.533820000000, -7.727292000000], 
[-0.457200000000, -9.767164000000, 8.117420000000], 
[-0.914400000000, -6.529586000000, -0.005867000000], 
[-0.914400000000, -0.590278000000, -6.831164000000], 
[0.914400000000, -9.016688000000, -2.119108000000], 
[0.914400000000, 1.782407000000, 6.172012000000], 
[-0.914400000000, 8.648536000000, -0.394963000000], 
[0.914400000000, -9.631990000000, -4.038174000000], 
[-0.914400000000, 2.349034000000, 9.797167000000], 
[0.914400000000, 9.505470000000, 0.402885000000], 
[0.914400000000, -7.616186000000, 2.376441000000], 
[-0.457200000000, -12.243693000000, -3.373718000000], 
[-0.914400000000, 5.762547000000, -1.839704000000], 
[0.914400000000, 2.388180000000, 11.843375000000], 
[0.914400000000, -0.466518000000, -12.084942000000], 
[0.914400000000, 4.603482000000, -8.571749000000], 
[-0.914400000000, 3.492719000000, 4.292706000000] 
 ];
