Primitive1:=[644 611 576 465 330 742 789 181 165 1221 94 270 1107 577 343 684 504 432 1332 1028 114 1297 1185 1343 1476 1363 1469 187 1266 1238 623 137 747 966 70 1420 1167 1453 1232 701 558 1327 780 569 477 390 1269 1141 476 517 1005 129 709 735 1083 365 378 173 1061 316 278 14 466 143 554 1234 1020 423 250 592 453 668 1402 717 1428 61 1090 1059 1125 474 506 217 125 1236 214 1417 676 520 1267 282 597 66 856 296 677 1413 335 1212 531 64 585 529 832 1290 32 545 1047 221 985 870 943 341 791 54 229 1447 1081 775 1367 1242 1161 514 847 1397 1110 381 35 1414 841 500 146 617 197 484 921 1124 1121 486 1385 1211];

Primitive2:=[644 611 576 465 330 742 789 181 165 1221 94 270 497 37 635 655 256 323 34 899 389 394 1352 223 562 590 1051 669 433 1195 52 805 769 567 424 1278 235 1001 773 787 149 1470 795 779 741 710 743 745 68 902 1431 443 891 1487 1373 17 1456 39 1498 901 454 1296 1239 1421 1198 1025 444 1340 906 4 406 148 918 537 1384 798 1038 1311 332 1350 305 810 792 1230 489 766 763 96 1263 1465 1391 240 386 89 1374 1394 904 1159 72 582 643 750 21 1406 968 992 1142 1458 387 619 135 557 878 809 553 1 896 451 549 756 171 1023 890 383 726 1228 1450 309 430 320 329 614 765 1155 328 127 1478 219 299 969 274 434 979 355 836 373 1341 194 615];

Primitive3:=[1107 577 343 684 504 432 1332 1339 579 384 682 317 1422 162 56 1012 1460 768 1140 141 1298 259 130 325 1481 463 546 53 180 85 302 1277 1187 1223 1279 502 145 1321 249 927 289 987 44 584 935 11 498 264 674 91 857 565 754 599 594 131 963 1257 1172 659 7 634 980 783 524 1064 201 1097 801 596 1089 645 357 128 776 850 31 190 675 1424 1156 1401 279 445 715 1400 616 871 1112 1069 178 200 563 1220 937 1441 1289 1331 849 468 542 1372 995 1354 654 800 662 1235 1387 1063 374 1432 319 1463 772 139 851 523 1150 593 1099 1040 304 1299 1310 1219 286 26 126 106 136 174 1171 956 886 462 736 862 1274 588 570 1174 828 376 166 1380 1276 853 571 1275 464 1429 1251 949 176 867 310 561 46 748 859 1127 876 1168 983 933 802 33 158 796 306 852 456 175 1468 1243 347 133 959 984 1233 233 628 884 1368 868 351 313 1484 418 648 156 333 534 1347 670 625 212 1427 981 835 1360 113 372 666 441 908 195 42 1227 426 1091 1017 101 830 1100 1087 1433 1153 1032 375 6 1199 1177 364 196 629 491 764 881 816 225 695 460 58 36 1273 427 997 261 153 822 1084 69 238 707 533 1416 1436 336 897 182 839 724 1043 1046 730 439 1302 858 1098 93 1114 1389 697 1254 1173 746 210 27 1497 50 733 1066 253 861 1196 283 696 759 147 869 63 222 812 1035 455 51 618 1449 964 450];

Primitive4:=[579 384 682 317 1422 162 56 1200 737 1319 1283 421 958 942 1033 656 540 1396 626 1244 1284 914 530 216 237 425 1271 1190 692 685 1270 864 38 1169 120 157 1166 41 393 1145 694 1318 602 179 169 170 990 77 955 1337 119 230 1049 762 624 633 186 1486 92 716 150 73 1128 144 1189 1226 123 496 555 321 909 744 1467 661 934 982 315 681 8 251 494 1229 437 1466 1021 285 936 1477 528 471 1399 793 59 875 245 718 288 255 586 1197 1116 996 1170 1353 411 308 472 1004 338 407 1256 168 62 734 47 703 457 799 690 944 482 134 392 227 252 277 99];

Primitive5:=[652 1200 737 1319 1283 421 958 942 1033 814 188 544 518 275 428 873 639 823 1405 1345 1011 391 1176 1022 786 209 911 1203 580 722 1333 923 469 1313 370 25 1407 817 1272 1068 1030 811 846 1015 499 1183 910 164 199 740 620 723 1241 917 10 204 989 1065 272 1192 649 526 572 608 820 1435 1193 87 19 1118 834 605 1154 1309 412 458 877 420 382 971 888 1491 541 1225 804 1488 889 1215 459 1222 706 312 1249 507 781 1041 665 519 1442 1147 1392 98 508 1322 5 1455 551 28 138 705 678 254 688 1054 1077 713 511 1136 416 1206 159 243 640 1398 642 646 819 1019 1129 1483 950 151 1062 1356 1423 121 303 1158 82 1379 215 915 657 727 1013 509 1359 1252];

Primitive6:=[652 814 188 544 518 275 428 873 639 823 1405 1345 1011 591 218 1191 865 1074 1165 1493 1086 536 1245 598 71 1426 167 621 1181 1451 231 161 1261 844 957 1248 1494 1082 925 1409 650 535 653 1454 1448 1178 842 326 1443 1404 845 1445 863 116 1314 1027 976 352 206 885 767 353 339 1146 1307 1010 300 57 700 1186 1480 1113 924 273 400 226 74 1462 1418 118 826 24 1119 1348 513 1388 667 248 295 1500 49 895 55 23 947 22 342 142 505 115 314 777 1357 1285 1358 945 409 559 1095 192 1282 1163 1499 1479 1058 1365 377 388 1300 604 29 1180 480 1258 1495 345 108 112 479 1381 78 1080 184 647 803 913 1044 1138 446 1122 732 1342 1105 1264 510 399 1305 771 267 1056 1202 574 363 972 337 1135 882 818 163 15 402 601 821 1295 396 1382 228 84 1474 833 761 946 410 1072 280 749 575 1008];

Primitive7:=[591 218 1217 1157 1160 607 307 663 177 297 641 1490 952 967 1403 493 236 385 673 1079 431 208 993 1485 1201 1162 708 1093 931 1338 1179 266 415 1393 1446 1007 1383 960 813 1076 301 260 242 954 1351 547 287 1408 1317 973 664 988 366 1016 1287 521 30 940 152 1045 258 1149 1240 220 1301 368 790 1286 1210 515 1265 815 1440 1280 1134 334 843 948 1410 1151 414 1461 612 1489 122 86 97 422 872 1330 1085 606 974 916 503 1006 1496 755 1075 827 371 672 932 294 193 808 1092 731 40 905 1139 350 1000 60 276 1328 770 728 269 1291 1037 1088 1415 234 263 45 680 403 1237 1071 929 578 1370 1218 894 79 1117 860 1376 1052 977 1377 473 1304 1209 331 155 1390 632 1366 855 698 1042 1323 556 552 760 854 322 1293 920 1395 293 488 401 630 1050 75 560 757 311 356 103 1130 478 440 627 887 543 265 928 1260 344 467 1320 525 501 1231 1438 298 1315 111 362 1419 1204 758 970 359 1437 205 568 788 1459 281 1482 1224 699 1144 109 327 930 1120 1262 1362 794 1452 1067 470 189 1473 435 564 452 12 1108 405 1208 262 154 65 961 874 824 711 1115 1247 16 1255 583 83 751 1207 1349 953 132 1132 516 714 898 739 81 729 1444 1096 613 1457 1329 1188 1346 1371 589 1094 20 67 603 1316 1312 1292 951 965 600 183 172 354 417 1364 185 900 1471 369 224 207 903 239 1369 994 1492 95 986 866 90 1378 679 1106 782 840 907 1131 1101 160 481 475 610 349 202 1184 892 408 587 102 140 622 495 712 198 753 686 76 358 124 883 1281 532 290 117 413 1029 938 379 1003 1039 13 1205 1306 725 1057 1048 380 244 397 361 1386 318 797 631 1268 348 693 926 1104 752 247 1214 689 738 1475 691 1073 448 1014 991 395 922 962 490];

Primitive8:=[497 37 635 655 256 323 34 899 389 394 1352 223 562 1217 1157 1160 607 307 1060 1308 485 1434 1102 1152 271 1036 9 1024 829 346 539 241 807 1133 487 837 683 284 3 1439 1126 110 702 1103 1326 774 538 550 449 1213 658 1324 1412 660 105 232 436 18 1325 429 638 203 442 838 1425 43 720 978 404 1375 671 291 522 461 2 880 1018 1216 566 1361 1137 191 573 912 825 360 999 104 998 1070 1464 257 1246 1078 609 595 1250 100 919 268 340 651 447 1335 1031 1034 492 1336 292 80 107 483 778 1294 367 1109 1026 1344 785 1164 1182 438 879 831 581 1430 704 548 1175 1253 213 1143 721 1472 1411 527 719 1123 512 246 211 1259 1111 1002 88 1194 1148 1055 636 1009 975 893 687 1303 324 48 1355 848 941 1334 1288 784 806 398 419 637 1053 939];

