Points:=[
[11.524564000000, 5.391981000000, 7.851889000000], 
[12.700000000000, -6.412455000000, 6.645202000000], 
[12.700000000000, 6.241679000000, 6.409247000000], 
[10.177057000000, -4.663180000000, -8.305443000000], 
[-0.294954000000, 8.597829000000, -4.099142000000], 
[4.385527000000, -6.312713000000, 0.687131000000], 
[8.529764000000, -6.073805000000, -1.852402000000], 
[-0.000000000000, -8.609716000000, -1.314552000000], 
[12.700000000000, -6.775143000000, -2.071695000000], 
[-0.674451000000, -8.322512000000, 4.632648000000], 
[2.356818000000, -1.628749000000, 6.137563000000], 
[0.514136000000, 2.330313000000, 4.124289000000], 
[9.495418000000, -0.976688000000, -4.635321000000], 
[9.525000000000, 3.915738000000, -7.054848000000], 
[-3.175000000000, -2.842713000000, -5.007012000000], 
[-0.319774000000, -1.622178000000, 4.450692000000], 
[11.684461000000, -9.007814000000, -3.095951000000], 
[12.700000000000, -0.797203000000, -9.050518000000], 
[-0.652723000000, 9.156731000000, -2.622955000000], 
[4.482369000000, 4.736455000000, -0.078189000000], 
[12.381403000000, -9.240754000000, 2.309566000000], 
[-3.175000000000, -3.744790000000, -7.565342000000], 
[-3.175000000000, -5.454175000000, -5.300214000000], 
[-3.175000000000, -7.244639000000, 2.953575000000], 
[-2.533831000000, 4.500037000000, 8.394956000000], 
[6.728521000000, 5.774688000000, 2.641113000000], 
[0.197114000000, 3.129312000000, -5.525387000000], 
[-0.365835000000, 1.414776000000, 9.419344000000], 
[-3.175000000000, -7.981282000000, -4.783796000000], 
[-1.299551000000, 2.124439000000, -4.234014000000], 
[3.501553000000, -5.231085000000, -3.599758000000], 
[9.525000000000, -4.810493000000, -7.524112000000], 
[1.332949000000, 4.259017000000, 4.709913000000], 
[12.700000000000, -9.200443000000, -2.465251000000], 
[9.525000000000, 2.453280000000, -7.264445000000], 
[0.395954000000, 5.599154000000, 2.995325000000], 
[12.700000000000, 5.291806000000, 7.919748000000], 
[-0.000000000000, -4.408439000000, -7.804035000000], 
[11.716740000000, -7.634952000000, 5.695010000000], 
[8.683413000000, 4.602771000000, -1.120097000000], 
[-0.000000000000, 3.951548000000, 6.399191000000], 
[5.042521000000, 6.346154000000, 0.220975000000], 
[12.700000000000, 6.449610000000, -4.041581000000], 
[7.100090000000, -1.488186000000, -6.173152000000], 
[-2.410530000000, -2.896136000000, 3.748668000000], 
[8.206392000000, -3.248882000000, -5.455939000000], 
[-0.000000000000, -1.577984000000, -7.533533000000], 
[12.700000000000, 6.697394000000, 2.957466000000], 
[-3.175000000000, 6.973821000000, -2.330179000000], 
[0.197452000000, 6.029838000000, -1.990869000000], 
[3.016750000000, 5.065039000000, 3.829867000000], 
[11.083838000000, 9.439062000000, -1.276608000000], 
[7.458207000000, 5.823388000000, -2.531926000000], 
[9.525000000000, -8.016168000000, 3.857404000000], 
[-3.175000000000, 6.198158000000, -6.905057000000], 
[0.000000000000, -6.350000000000, 0.000000000000], 
[-3.175000000000, -1.923480000000, -8.151055000000], 
[0.394311000000, 3.263318000000, -5.447316000000], 
[-0.000000000000, -5.636744000000, 4.539281000000], 
[0.875398000000, -4.625913000000, 1.020317000000], 
[9.525000000000, 7.064046000000, -0.929469000000], 
[-0.000000000000, 6.264351000000, 4.321775000000], 
[1.499538000000, -4.808678000000, -4.147182000000], 
[9.525000000000, 2.060887000000, -6.259795000000], 
[9.269728000000, -4.076784000000, 2.412457000000], 
[9.525000000000, -1.353467000000, -6.826063000000], 
[4.481316000000, 3.064856000000, -3.612032000000], 
[11.821848000000, 5.571165000000, -7.725784000000], 
[3.190212000000, 6.232923000000, -1.213743000000], 
[9.525000000000, 5.724674000000, 6.161414000000], 
[-3.175000000000, -0.177956000000, 5.564480000000], 
[12.363728000000, 2.680194000000, -9.140141000000], 
[-0.000000000000, -8.356992000000, 2.198167000000], 
[-3.175000000000, 4.734472000000, 4.865414000000], 
[1.769168000000, -2.022683000000, 4.283558000000], 
[5.103263000000, 4.708064000000, 0.523687000000], 
[-0.000000000000, 1.253408000000, 6.628556000000], 
[-3.175000000000, -3.687719000000, 8.532805000000], 
[10.168751000000, -3.736000000000, 2.912459000000], 
[12.700000000000, 7.020599000000, -2.657593000000], 
[1.469324000000, -0.962343000000, -4.638320000000], 
[-0.272350000000, -9.519790000000, 0.314999000000], 
[9.828094000000, 4.718737000000, 0.416699000000], 
[-3.175000000000, 0.671946000000, 5.122300000000], 
[7.463184000000, -1.046472000000, -6.263178000000], 
[11.815544000000, -4.715104000000, 0.455976000000], 
[-0.897702000000, 8.079953000000, -5.043806000000], 
[12.700000000000, 2.272240000000, 9.071289000000], 
[10.053980000000, 9.481443000000, 0.909869000000], 
[-1.597287000000, -3.844132000000, -2.768170000000], 
[2.417167000000, 4.704215000000, 4.265309000000], 
[-0.000000000000, 7.124387000000, -2.420568000000], 
[9.328054000000, -5.671370000000, -2.856231000000], 
[9.525000000000, -4.490054000000, 8.400300000000], 
[11.129185000000, -0.828184000000, -4.664143000000], 
[12.109725000000, -9.111246000000, -2.776837000000], 
[11.860198000000, -4.658896000000, 0.857208000000], 
[-0.317983000000, -9.310340000000, 2.010768000000], 
[-0.000000000000, 7.257265000000, -2.163682000000], 
[12.700000000000, -1.483701000000, 8.661832000000], 
[5.081809000000, 1.456862000000, -6.180619000000], 
[3.107997000000, -0.662529000000, -4.690541000000], 
[1.544421000000, 1.368403000000, 4.535151000000], 
[12.700000000000, -5.067868000000, -5.691611000000], 
[12.700000000000, 6.745606000000, 1.470646000000], 
[6.727175000000, 5.836880000000, -2.500667000000], 
[12.700000000000, 6.998796000000, 4.448576000000], 
[-3.175000000000, -1.030370000000, 7.249254000000], 
[9.029857000000, 4.704401000000, 0.555631000000], 
[12.700000000000, 3.256397000000, -5.702657000000], 
[11.281773000000, -2.372366000000, 4.100243000000], 
[-3.175000000000, -2.744634000000, 5.415639000000], 
[5.331947000000, 4.354988000000, -4.621318000000], 
[9.525000000000, -2.321863000000, -6.938090000000], 
[-3.175000000000, 5.766921000000, 5.794688000000], 
[-3.175000000000, -8.798981000000, 2.340569000000], 
[4.663953000000, -2.034522000000, -4.277948000000], 
[-3.175000000000, 3.059107000000, -5.444215000000], 
[-0.000000000000, -5.615702000000, 5.946017000000], 
[-0.000000000000, -7.371809000000, -2.428315000000], 
[-0.283087000000, 0.928298000000, -9.479657000000], 
[11.860037000000, -4.730923000000, 0.241833000000], 
[-0.000000000000, -3.918898000000, -8.351068000000], 
[5.082865000000, 3.055975000000, -3.619549000000], 
[9.525000000000, 5.801093000000, -7.253781000000], 
[6.728905000000, 5.953504000000, -2.208685000000], 
[9.818909000000, -9.478056000000, 0.944498000000], 
[3.626882000000, 5.103493000000, -3.778473000000], 
[9.525000000000, 4.554011000000, 5.770099000000], 
[4.756318000000, -5.569774000000, -3.049609000000], 
[8.529830000000, 6.230095000000, -1.228177000000], 
[6.395637000000, 1.699925000000, 4.421580000000], 
[0.622286000000, 6.030571000000, -1.988647000000], 
[-0.000000000000, 3.583907000000, 7.231845000000], 
[9.825278000000, 9.369689000000, 1.713051000000], 
[6.746055000000, -6.005732000000, -2.062446000000], 
[9.525000000000, -5.765670000000, -6.867019000000], 
[-1.267770000000, 2.639805000000, 9.151888000000], 
[0.728048000000, 6.077712000000, -1.839543000000], 
[3.086822000000, -2.933757000000, -3.719300000000], 
[4.696025000000, 4.753776000000, -4.210002000000], 
[-3.175000000000, 5.474451000000, -5.078302000000], 
[9.525000000000, 4.732213000000, -7.919526000000], 
[-0.000000000000, -6.721873000000, -4.451721000000], 
[2.071893000000, -5.662009000000, 2.874743000000], 
[9.525000000000, -1.743811000000, 6.290104000000], 
[8.009642000000, -3.675641000000, 5.178046000000], 
[10.241607000000, -3.537779000000, -8.843627000000], 
[10.993229000000, 4.707427000000, -8.280444000000], 
[-0.000000000000, 2.815187000000, -8.169821000000], 
[-1.199320000000, 3.034158000000, -9.028815000000], 
[-1.298928000000, 4.729002000000, -0.276868000000], 
[6.390950000000, 4.417213000000, 4.561877000000], 
[9.277558000000, -4.736663000000, 0.064308000000], 
[5.365998000000, 0.561838000000, -4.703664000000], 
[8.427275000000, -5.667075000000, -2.864745000000], 
[-0.000000000000, -5.236933000000, -5.418028000000], 
[1.338015000000, 4.021261000000, 4.914464000000], 
[-1.186491000000, -7.257378000000, -6.168962000000], 
[-2.484197000000, -2.187130000000, 4.201973000000], 
[-3.175000000000, -5.243912000000, 1.391042000000], 
[0.000000000000, -4.028397000000, -4.908616000000], 
[-3.175000000000, -3.829723000000, -4.288580000000], 
[-2.374258000000, -9.409514000000, 1.478743000000], 
[9.525000000000, -8.914504000000, 3.355182000000], 
[5.290572000000, 5.878536000000, -2.401106000000], 
[-3.175000000000, 8.544374000000, -1.841121000000], 
[-0.000000000000, -8.136413000000, -4.518721000000], 
[-0.000000000000, -8.398423000000, -3.437308000000], 
[-0.000000000000, -5.073368000000, -7.523931000000], 
[11.490151000000, 0.266541000000, -9.521270000000], 
[12.336727000000, 4.575467000000, 1.226872000000], 
[9.525000000000, 1.085124000000, 9.108323000000], 
[6.585813000000, -2.091906000000, 5.995534000000], 
[8.903428000000, -4.595801000000, -4.381908000000], 
[8.206863000000, 6.082157000000, -1.824793000000], 
[3.050490000000, 0.000000000000, 4.737100000000], 
[3.838374000000, -4.866212000000, 4.079520000000], 
[-0.000000000000, -2.512101000000, 7.865923000000], 
[7.460790000000, 5.032387000000, -3.872671000000], 
[9.525000000000, -8.799953000000, -3.645060000000], 
[3.183974000000, -6.322097000000, 0.594631000000], 
[12.315343000000, 2.883175000000, 3.758646000000], 
[-3.175000000000, 7.296854000000, 2.543579000000], 
[12.338344000000, 0.619810000000, -4.696376000000], 
[-0.000000000000, 4.418010000000, 5.670046000000], 
[9.525000000000, -1.953221000000, -8.747698000000], 
[-3.175000000000, 3.645060000000, 8.799953000000], 
[0.520033000000, -2.849753000000, -3.784048000000], 
[6.030507000000, -5.719639000000, 2.758301000000], 
[12.700000000000, 3.391196000000, 5.693212000000], 
[-3.175000000000, 0.065533000000, -8.928669000000], 
[2.752256000000, 1.962562000000, -4.311434000000], 
[10.882755000000, -8.910808000000, -3.364985000000], 
[5.052744000000, 5.777396000000, 2.635184000000], 
[4.564759000000, -0.600104000000, 6.321580000000], 
[9.525000000000, -2.805061000000, -8.483501000000], 
[6.423466000000, -4.567860000000, 1.254898000000], 
[-2.282138000000, -7.805408000000, 5.459051000000], 
[5.606945000000, -1.996505000000, 6.027974000000], 
[0.996615000000, 2.988952000000, -5.602559000000], 
[12.081926000000, 1.420464000000, 4.519115000000], 
[12.700000000000, 5.460458000000, 1.367389000000], 
[-0.888803000000, -8.904606000000, 3.381362000000], 
[8.264389000000, -1.767986000000, 4.394808000000], 
[-3.175000000000, -7.860912000000, 4.645967000000], 
[-2.851771000000, 2.628766000000, -3.940775000000], 
[9.293420000000, 1.903499000000, -4.337834000000], 
[-1.673395000000, 9.332562000000, -1.904972000000], 
[0.197022000000, 2.854531000000, -5.672226000000], 
[12.700000000000, 6.096522000000, 2.513850000000], 
[1.106363000000, 5.366738000000, -3.394204000000], 
[12.700000000000, -6.850690000000, -0.339396000000], 
[9.525000000000, -3.816208000000, -8.043275000000], 
[-0.904338000000, -2.663778000000, 9.144939000000], 
[-0.000000000000, 4.068298000000, 7.692461000000], 
[9.525000000000, 5.563329000000, -4.294372000000], 
[-3.175000000000, -4.248576000000, 2.095166000000], 
[12.404587000000, -4.198279000000, -8.549858000000], 
[6.151521000000, 4.714575000000, 0.461406000000], 
[9.525000000000, -6.493210000000, 1.098195000000], 
[1.508065000000, 3.383943000000, -5.373214000000], 
[12.700000000000, -3.931034000000, 8.675978000000], 
[-2.851805000000, 2.091898000000, -4.250186000000], 
[9.131280000000, -6.160533000000, 1.539589000000], 
[-3.175000000000, 2.509902000000, 6.318199000000], 
[-0.000000000000, 1.055325000000, 7.092213000000], 
[-3.175000000000, -4.885940000000, -0.495948000000], 
[9.525000000000, -4.729155000000, 8.002625000000], 
[-0.000000000000, 2.988139000000, -5.934057000000], 
[-3.175000000000, 5.287637000000, 3.664668000000], 
[12.700000000000, -4.721434000000, 7.057204000000], 
[1.700530000000, -1.256143000000, -6.224517000000], 
[11.981378000000, -2.381783000000, -4.094780000000], 
[11.177754000000, -9.396127000000, -1.561544000000], 
[9.475714000000, 0.898862000000, 4.651039000000], 
[-0.000000000000, 7.092928000000, 0.870049000000], 
[6.368262000000, 1.926319000000, -6.050768000000], 
[-2.851736000000, 4.484536000000, -1.526125000000], 
[10.078015000000, -1.559534000000, -9.396461000000], 
[12.700000000000, -1.910813000000, -8.589171000000], 
[2.438059000000, -1.981773000000, -4.302638000000], 
[-1.182938000000, -8.469625000000, -4.357875000000], 
[9.545012000000, -1.198687000000, 4.582932000000], 
[-0.000000000000, 5.107936000000, -4.629126000000], 
[12.700000000000, -8.783459000000, 1.630848000000], 
[12.527142000000, -1.374762000000, 4.533227000000], 
[-3.175000000000, -5.495160000000, 5.396564000000], 
[2.067023000000, 4.131427000000, -4.822221000000], 
[9.525000000000, 0.286190000000, -7.871865000000], 
[-0.000000000000, 5.497500000000, 5.936642000000], 
[-0.000000000000, -4.694514000000, -5.289507000000], 
[3.458385000000, 5.199909000000, -3.644646000000], 
[-1.226214000000, 9.243942000000, -2.296772000000], 
[-0.000000000000, -4.805712000000, -7.538424000000], 
[12.700000000000, -6.280269000000, -7.161274000000], 
[12.700000000000, 5.226668000000, 1.247445000000], 
[6.233640000000, 3.839694000000, 2.774323000000], 
[4.725020000000, -5.409691000000, -3.325319000000], 
[7.090796000000, 0.152158000000, -4.734656000000], 
[3.208519000000, 2.267475000000, 5.931362000000], 
[9.272007000000, -4.126580000000, -2.326253000000], 
[11.981047000000, -4.737075000000, 0.015377000000], 
[2.482752000000, -6.158335000000, -1.548357000000], 
[2.141190000000, -2.274258000000, 4.155462000000], 
[0.294661000000, 4.333398000000, -1.913578000000], 
[-3.175000000000, -7.688103000000, 4.462890000000], 
[12.700000000000, 7.021314000000, 1.406477000000], 
[2.498858000000, 2.616991000000, 3.948604000000], 
[9.525000000000, -1.243262000000, 9.443512000000], 
[12.700000000000, 6.509815000000, -3.011471000000], 
[-0.884020000000, -9.521534000000, -0.256949000000], 
[-3.175000000000, 4.744916000000, 6.321517000000], 
[10.442470000000, -2.891132000000, 9.075625000000], 
[-3.175000000000, 9.525000000000, -0.000000000000], 
[0.876810000000, -1.616142000000, -4.452887000000], 
[-0.000000000000, -5.513484000000, -4.429315000000], 
[9.525000000000, 6.039809000000, 2.834227000000], 
[3.363553000000, 1.749361000000, 6.104280000000], 
[-3.175000000000, -5.338891000000, -5.712358000000], 
[1.207212000000, 4.074156000000, 2.416892000000], 
[9.525000000000, 4.378288000000, 5.529458000000], 
[8.018721000000, 5.205256000000, -3.637005000000], 
[12.700000000000, -2.226652000000, 7.814329000000], 
[-0.000000000000, 6.513761000000, -4.368173000000], 
[6.744248000000, 3.848159000000, 5.051155000000], 
[-2.228758000000, 0.234119000000, 4.731311000000], 
[-0.000000000000, 1.431584000000, -7.376966000000], 
[2.194598000000, 1.995301000000, 6.028372000000], 
[4.669420000000, -1.749303000000, -4.402278000000], 
[12.700000000000, -7.445892000000, -0.935472000000], 
[12.700000000000, -1.868958000000, -4.942769000000], 
[7.708586000000, -0.381637000000, -4.721702000000], 
[2.757326000000, -4.735529000000, 0.121992000000], 
[-3.175000000000, -1.625823000000, 5.415549000000], 
[9.525000000000, -4.253268000000, 7.880301000000], 
[11.454902000000, 0.000000000000, 4.737100000000], 
[11.325297000000, -3.329793000000, 3.369361000000], 
[9.814375000000, -8.085781000000, 5.034459000000], 
[-3.175000000000, 3.227087000000, -4.803852000000], 
[7.102182000000, 1.705841000000, -4.419301000000], 
[7.458043000000, -3.620402000000, -5.216818000000], 
[-0.288171000000, 4.758734000000, -8.251065000000], 
[3.949041000000, -6.346796000000, 0.201690000000], 
[10.384054000000, 7.753360000000, -5.532724000000], 
[8.904892000000, 4.594964000000, 4.382785000000], 
[12.700000000000, -3.758194000000, 2.883764000000], 
[-0.000000000000, 2.045093000000, 7.884080000000], 
[10.805536000000, -1.426197000000, 9.417621000000], 
[8.205008000000, 1.254475000000, -6.224853000000], 
[1.624065000000, 4.282950000000, -2.023971000000], 
[-2.878935000000, 7.630001000000, 5.701641000000], 
[8.426194000000, 3.645423000000, 5.199364000000], 
[-3.175000000000, -6.677842000000, 6.440701000000], 
[-0.000000000000, -6.853094000000, -5.086841000000], 
[9.525000000000, 6.678411000000, 5.154878000000], 
[0.000000000000, 2.139251000000, -5.978805000000], 
[11.113701000000, -4.584582000000, -1.192362000000], 
[0.728275000000, -6.319809000000, 0.618473000000], 
[11.396995000000, 7.554475000000, 5.801339000000], 
[-0.000000000000, 8.925982000000, -2.120976000000], 
[7.730365000000, 2.722969000000, 3.876281000000], 
[12.700000000000, -8.675978000000, -3.931034000000], 
[12.700000000000, -5.058868000000, -2.079907000000], 
[0.181400000000, -0.138624000000, 6.348487000000], 
[-3.175000000000, 0.601255000000, 9.073045000000], 
[9.016260000000, 4.353835000000, -1.866612000000], 
[12.404579000000, -9.520599000000, 0.289525000000], 
[10.809181000000, 0.297882000000, -9.520341000000], 
[9.525000000000, 6.042596000000, -7.362925000000], 
[5.289420000000, 1.130934000000, -4.600120000000], 
[10.160165000000, 4.622646000000, -8.328071000000], 
[8.427771000000, -5.920332000000, -2.296122000000], 
[11.663529000000, 1.782669000000, -4.388873000000], 
[9.525000000000, -0.382841000000, 8.928866000000], 
[6.393118000000, -6.048167000000, -1.934470000000], 
[-3.175000000000, 8.942161000000, 1.050805000000], 
[-0.000000000000, 3.478716000000, 6.476259000000], 
[-3.175000000000, -6.824871000000, 4.001121000000], 
[12.700000000000, 3.581245000000, 6.398489000000], 
[9.525000000000, -5.550757000000, 6.990449000000], 
[-3.175000000000, -0.564520000000, -8.422599000000], 
[9.525000000000, 5.978805000000, 2.139251000000], 
[6.390123000000, 1.973223000000, -4.306565000000], 
[-3.175000000000, 4.701113000000, -6.631727000000], 
[12.700000000000, -5.720736000000, -2.943141000000], 
[0.624270000000, 5.006999000000, -3.905440000000], 
[12.528919000000, -4.532766000000, -1.376280000000], 
[-2.555978000000, 4.516291000000, -1.429417000000], 
[8.690862000000, -1.148596000000, -4.595742000000], 
[1.707282000000, 3.538272000000, 5.272867000000], 
[-3.175000000000, 8.866488000000, 2.012585000000], 
[-3.175000000000, 5.178213000000, 3.117873000000], 
[12.378051000000, 3.125817000000, -3.559408000000], 
[10.506799000000, -8.184926000000, -4.871612000000], 
[1.624115000000, 4.629981000000, 1.001695000000], 
[3.591664000000, 5.651623000000, -2.895110000000], 
[5.048923000000, 4.335951000000, -1.907786000000], 
[8.362535000000, 3.490632000000, -3.202437000000], 
[12.700000000000, 8.043480000000, 2.707948000000], 
[11.112193000000, 4.566660000000, -1.259258000000], 
[-1.959106000000, -4.652825000000, 0.889572000000], 
[-3.175000000000, -5.222624000000, -1.086483000000], 
[4.497533000000, -2.588939000000, 5.798267000000], 
[9.525000000000, -7.161252000000, -4.907022000000], 
[10.846056000000, 4.126730000000, 2.325988000000], 
[12.700000000000, -6.844415000000, 1.134339000000], 
[6.030532000000, -4.619958000000, -1.046951000000], 
[-2.851865000000, -1.526078000000, -4.484552000000], 
[-2.471219000000, 2.594723000000, 9.164772000000], 
[6.835371000000, 0.829378000000, -4.663931000000], 
[4.192346000000, -2.023750000000, -6.018882000000], 
[10.948479000000, -7.951666000000, 5.243724000000], 
[8.798794000000, -5.869083000000, 2.424123000000], 
[5.069739000000, -6.293035000000, -0.848653000000], 
[4.173847000000, 6.218775000000, -1.284266000000], 
[-3.175000000000, -6.746746000000, -2.880821000000], 
[9.525000000000, -3.833843000000, 5.564850000000], 
[9.499787000000, 4.130659000000, 2.319002000000], 
[0.063789000000, 4.392794000000, -1.772986000000], 
[9.525000000000, -6.141982000000, -3.060402000000], 
[-0.657770000000, 2.359906000000, 9.228026000000], 
[10.770559000000, -8.365810000000, -4.553993000000], 
[0.000000000000, 5.100368000000, 3.782691000000], 
[9.254913000000, 2.292383000000, 4.145491000000], 
[10.096969000000, 3.078048000000, -9.013947000000], 
[9.829529000000, -8.017646000000, -5.142273000000], 
[-3.175000000000, 6.437781000000, 5.020590000000], 
[12.700000000000, -8.088651000000, 5.029846000000], 
[9.525000000000, -4.633909000000, -5.703517000000], 
[-0.288636000000, 0.000000000000, 9.525000000000], 
[-0.000000000000, 6.181690000000, 2.042155000000], 
[-0.000000000000, 4.142916000000, 5.476532000000], 
[12.700000000000, -5.291806000000, 7.919748000000], 
[6.013815000000, 4.052073000000, -2.453736000000], 
[-3.175000000000, 0.452856000000, -6.590660000000], 
[-2.950554000000, -0.183855000000, 4.733531000000], 
[12.700000000000, -2.569352000000, -6.953654000000], 
[-3.175000000000, 0.284455000000, 5.320564000000], 
[-3.175000000000, -5.939212000000, -0.236781000000], 
[7.775843000000, -4.477628000000, 1.546275000000], 
[-3.175000000000, 4.598500000000, -1.730753000000], 
[-2.453925000000, -4.095104000000, -2.381227000000], 
[12.700000000000, -6.973734000000, 0.825289000000], 
[9.271862000000, 4.130263000000, 2.319707000000], 
[10.432804000000, -4.773978000000, -8.242254000000], 
[-0.000000000000, -8.196827000000, -1.994868000000], 
[6.283079000000, 4.470215000000, -1.567575000000], 
[-3.175000000000, 4.469473000000, -6.186026000000], 
[-3.175000000000, -4.034324000000, 4.516735000000], 
[-0.000000000000, -6.386747000000, -1.647623000000], 
[-0.885467000000, 5.579346000000, 7.719878000000], 
[5.073218000000, -2.708385000000, -3.886485000000], 
[11.815462000000, 3.463073000000, -3.232220000000], 
[0.292643000000, 2.725185000000, 3.874724000000], 
[-1.183113000000, -5.668891000000, -7.654364000000], 
[12.338495000000, 2.884846000000, -3.757363000000], 
[8.426440000000, 6.300730000000, 0.789498000000], 
[12.700000000000, 5.766352000000, -2.684123000000], 
[-0.613427000000, 2.559643000000, 9.174631000000], 
[0.000000000000, 2.764962000000, -9.114857000000], 
[11.815622000000, -4.615273000000, 1.067414000000], 
[9.525000000000, -7.847413000000, 0.672315000000], 
[11.050945000000, -3.388624000000, -8.901845000000], 
[-0.000000000000, -3.279792000000, 6.279210000000], 
[5.030477000000, 3.464588000000, -5.321572000000], 
[0.385259000000, 1.067697000000, 6.259594000000], 
[-3.175000000000, 7.556691000000, -5.798453000000], 
[12.700000000000, 8.141235000000, -2.759603000000], 
[11.305960000000, 6.192858000000, 7.236998000000], 
[9.294317000000, 2.180822000000, -4.205250000000], 
[9.525000000000, 2.993369000000, -5.600200000000], 
[11.101607000000, 7.420987000000, 5.971145000000], 
[10.458624000000, -3.522272000000, -8.849815000000], 
[0.527616000000, 4.655244000000, -0.876826000000], 
[12.700000000000, 2.119365000000, -4.663047000000], 
[-0.000000000000, 6.637639000000, -2.255345000000], 
[12.700000000000, -5.040606000000, -1.657766000000], 
[9.328170000000, 6.196094000000, -1.389577000000], 
[3.095275000000, 0.661180000000, 4.690731000000], 
[4.290430000000, -6.348475000000, 0.139174000000], 
[12.700000000000, 6.141953000000, 1.211793000000], 
[11.788730000000, -4.724035000000, -8.270980000000], 
[10.203565000000, -8.873662000000, -3.461755000000], 
[4.113833000000, 0.836159000000, 6.294707000000], 
[-3.175000000000, -4.675936000000, 5.305746000000], 
[12.700000000000, -7.033800000000, -4.139010000000], 
[2.403184000000, -0.830084000000, 4.663805000000], 
[12.700000000000, -2.252726000000, 5.521968000000], 
[1.899604000000, -2.538098000000, -5.820701000000], 
[10.777806000000, 8.978517000000, 3.179915000000], 
[0.528305000000, 3.911286000000, 2.672444000000], 
[9.525000000000, 8.923311000000, -2.123355000000], 
[10.445914000000, -0.601248000000, 9.506005000000], 
[1.619610000000, 1.922503000000, 6.051982000000], 
[8.903441000000, -4.375113000000, -4.602270000000], 
[-0.000000000000, -7.099232000000, 6.027336000000], 
[-0.956988000000, 5.067602000000, 8.065050000000], 
[-0.520296000000, 8.240601000000, -4.776832000000], 
[0.395507000000, -5.978550000000, -2.139964000000], 
[12.700000000000, 4.273479000000, 2.602645000000], 
[2.862210000000, -6.346170000000, 0.220528000000], 
[7.279984000000, 1.428412000000, 6.187256000000], 
[4.161232000000, -6.270636000000, 1.000810000000], 
[9.525000000000, 7.919748000000, 5.291806000000], 
[9.525000000000, 8.759769000000, -0.032108000000], 
[6.380010000000, -1.679543000000, -4.429362000000], 
[8.663465000000, 6.347892000000, 0.163609000000], 
[-1.467988000000, -8.814900000000, -3.608762000000], 
[0.514434000000, -3.909589000000, -2.674926000000], 
[-0.000000000000, 6.226605000000, -5.277939000000], 
[-0.000000000000, -8.163643000000, 2.058830000000], 
[4.134857000000, 3.280074000000, 3.417782000000], 
[9.525000000000, -2.739839000000, 6.498420000000], 
[-2.556330000000, -2.549604000000, -3.992448000000], 
[9.525000000000, 6.072880000000, 6.841077000000], 
[9.525000000000, 7.042683000000, 2.098533000000], 
[0.380501000000, -0.882474000000, 4.654176000000], 
[-3.175000000000, -0.463236000000, 6.053724000000], 
[-3.175000000000, -4.631094000000, -6.385700000000], 
[-2.556576000000, -4.204179000000, -2.182886000000], 
[-0.000000000000, -4.560354000000, 6.061015000000], 
[12.700000000000, 5.232322000000, -5.185659000000], 
[9.525000000000, 3.443967000000, -7.294379000000], 
[12.700000000000, -5.905577000000, -2.190430000000], 
[9.525000000000, 9.165607000000, 1.718981000000], 
[12.700000000000, 6.040552000000, -3.477351000000], 
[1.983936000000, -4.463463000000, -1.586698000000], 
[10.137806000000, 5.973787000000, 7.418860000000], 
[5.889498000000, 4.736945000000, -0.038270000000], 
[9.127967000000, 2.989207000000, 5.602423000000], 
[12.700000000000, 1.785836000000, 5.048537000000], 
[-0.324755000000, -0.173244000000, 4.733931000000], 
[-0.000000000000, 9.240878000000, 0.491182000000], 
[6.286565000000, -4.586933000000, -1.183283000000], 
[-0.000000000000, 7.802426000000, 0.613030000000], 
[12.700000000000, 3.061711000000, 9.019509000000], 
[2.477153000000, -2.710982000000, 5.742219000000], 
[-2.301589000000, -5.986755000000, -7.408400000000], 
[9.525000000000, -4.886509000000, 6.657857000000], 
[6.446447000000, 1.153332000000, 4.594556000000], 
[2.069666000000, -5.342254000000, 3.432611000000], 
[1.741948000000, 1.805087000000, -4.379700000000], 
[9.525000000000, 4.028397000000, -4.908616000000], 
[-3.175000000000, -5.464713000000, 0.009293000000], 
[9.525000000000, 6.110688000000, 3.566303000000], 
[-2.857577000000, 1.404104000000, -9.420940000000], 
[-0.291250000000, -7.643718000000, -5.683239000000], 
[-1.424169000000, -2.072988000000, 9.296685000000], 
[-3.175000000000, 1.353476000000, 6.174541000000], 
[-1.867404000000, -1.690369000000, -9.373808000000], 
[12.700000000000, 3.817987000000, -4.820190000000], 
[-3.175000000000, -5.445708000000, -3.743108000000], 
[9.525000000000, 3.477918000000, 6.476278000000], 
[5.649900000000, -2.826424000000, -3.801506000000], 
[8.062912000000, 2.924304000000, -3.726736000000], 
[9.525000000000, -2.190346000000, 7.311348000000], 
[-3.175000000000, 9.200443000000, 2.465251000000], 
[-2.816872000000, -9.523734000000, -0.155269000000], 
[9.525000000000, 3.150984000000, 6.914463000000], 
[-1.333369000000, -4.085605000000, -2.397489000000], 
[12.700000000000, -2.669506000000, 4.809468000000], 
[0.748868000000, 2.414956000000, 5.872860000000], 
[0.997496000000, -6.229260000000, 1.232405000000], 
[6.409712000000, -4.734552000000, -0.155355000000], 
[-0.643157000000, -6.392113000000, -7.061623000000], 
[12.700000000000, 2.372381000000, 5.998101000000], 
[-0.000000000000, 4.104235000000, 5.190986000000], 
[9.525000000000, -7.598064000000, -1.214684000000], 
[-0.000000000000, 7.150114000000, 1.676022000000], 
[9.525000000000, 6.243230000000, -2.926990000000], 
[5.091712000000, -0.399335000000, -4.720238000000], 
[3.144113000000, -4.005196000000, -4.927566000000], 
[8.420672000000, -3.666112000000, 5.184797000000], 
[-3.175000000000, -1.700364000000, -7.424176000000], 
[-3.175000000000, 4.121137000000, 5.767845000000], 
[10.494527000000, -0.649370000000, -9.502839000000], 
[12.700000000000, -7.175223000000, -0.691699000000], 
[12.700000000000, -3.339882000000, -5.485367000000], 
[-0.000000000000, 5.745827000000, -5.470482000000], 
[-2.581152000000, 2.513989000000, -9.187246000000], 
[8.663209000000, 3.912716000000, -5.001315000000], 
[7.431876000000, -4.201380000000, -2.188269000000], 
[-3.175000000000, 6.951955000000, 6.511217000000], 
[9.525000000000, 4.326453000000, 8.197126000000], 
[7.461511000000, 6.132374000000, -1.648177000000], 
[2.428976000000, -4.302797000000, 1.981428000000], 
[12.700000000000, -3.999853000000, -2.866254000000], 
[10.754547000000, 5.641366000000, -7.674673000000], 
[12.700000000000, 6.878021000000, 3.161297000000], 
[-0.321383000000, 1.706461000000, 9.370892000000], 
[-0.913229000000, -3.048730000000, 3.625653000000], 
[10.530873000000, 0.829333000000, 9.488827000000], 
[9.525000000000, 3.324624000000, 8.097220000000], 
[-0.000000000000, 4.231763000000, -8.232644000000], 
[10.483578000000, -2.746263000000, 3.859813000000], 
[9.814301000000, 7.278524000000, 6.143998000000], 
[9.525000000000, 5.133267000000, 7.507800000000], 
[-3.175000000000, -7.084124000000, 4.006769000000], 
[7.856216000000, 4.418622000000, 1.707600000000], 
[8.206989000000, -0.915963000000, -6.283591000000], 
[12.700000000000, -3.061711000000, 9.019509000000], 
[4.730367000000, -0.345068000000, 6.340617000000], 
[0.527676000000, 4.562949000000, 1.272639000000], 
[7.648783000000, -0.829977000000, 6.295525000000], 
[12.700000000000, 1.582356000000, 7.572044000000], 
[11.213956000000, -2.425018000000, -9.211130000000], 
[1.169951000000, -3.531330000000, -3.157502000000], 
[9.525000000000, -7.348599000000, -0.036213000000], 
[2.897064000000, 2.840066000000, 5.679483000000], 
[5.390191000000, -0.301280000000, -6.342849000000], 
[-0.620956000000, -1.956151000000, -9.321969000000], 
[12.700000000000, 4.619266000000, 5.369317000000], 
[-3.175000000000, -8.375454000000, 0.907890000000], 
[-3.175000000000, -4.556924000000, 7.219630000000], 
[9.525000000000, 5.291806000000, 7.919748000000], 
[9.525000000000, 5.600200000000, 2.993369000000], 
[10.179317000000, 3.973984000000, 2.578287000000], 
[0.000000000000, 0.311580000000, 6.342351000000], 
[-1.649525000000, 2.412858000000, -9.214323000000], 
[12.700000000000, -1.315683000000, 5.162033000000], 
[12.335916000000, 0.788870000000, -9.492276000000], 
[9.833365000000, 4.203387000000, 2.184411000000], 
[7.076532000000, -3.580762000000, 5.244105000000], 
[9.525000000000, 1.021843000000, -8.005809000000], 
[-0.000000000000, -3.025622000000, 6.312964000000], 
[3.063822000000, 4.470978000000, -1.565399000000], 
[2.834539000000, 5.687390000000, 2.824198000000], 
[4.494233000000, 3.403544000000, 3.294845000000], 
[11.042166000000, 1.077926000000, 9.463810000000], 
[-3.175000000000, 4.575687000000, 1.226052000000], 
[9.525000000000, 8.499819000000, 1.860774000000], 
[8.808340000000, -0.633436000000, 6.318327000000], 
[8.529319000000, 6.349992000000, 0.009889000000], 
[12.700000000000, -5.163051000000, -5.236353000000], 
[3.679670000000, 1.558462000000, 6.155785000000], 
[9.525000000000, -1.695780000000, -6.736747000000], 
[-3.175000000000, 6.533555000000, 0.005066000000], 
[5.999527000000, 0.787551000000, 6.300973000000], 
[5.041024000000, -1.394461000000, 4.527206000000], 
[-3.175000000000, -6.061715000000, 4.278529000000], 
[-0.000000000000, 0.230531000000, -8.207944000000], 
[5.087770000000, -0.251176000000, -4.730436000000], 
[-3.175000000000, 6.542183000000, 1.659600000000], 
[-0.874190000000, 9.337597000000, 1.880135000000], 
[7.647715000000, -2.731117000000, 3.870545000000], 
[12.700000000000, -4.726958000000, 0.309821000000], 
[-0.700672000000, -1.108357000000, -9.460294000000], 
[12.700000000000, 4.593215000000, 5.112901000000], 
[-2.601096000000, -1.632417000000, -4.446946000000], 
[9.525000000000, 3.645060000000, 8.799953000000], 
[11.860043000000, -3.516082000000, -3.174474000000], 
[1.418082000000, -1.435458000000, 4.514375000000], 
[10.746578000000, -4.245131000000, -8.526693000000], 
[10.615800000000, -3.711714000000, 8.772047000000], 
[5.682886000000, 6.255942000000, -1.088891000000], 
[9.525000000000, -2.736851000000, -7.807680000000], 
[2.970314000000, 6.207458000000, -1.337898000000], 
[9.883891000000, -5.178847000000, -7.994071000000], 
[-0.866182000000, -5.822616000000, 7.538088000000], 
[-3.175000000000, -6.394523000000, 0.766141000000], 
[3.113604000000, -3.968086000000, -2.587356000000], 
[9.525000000000, -6.206103000000, 3.099366000000], 
[-0.000000000000, -8.721612000000, -2.841219000000], 
[1.097888000000, -2.290916000000, -5.922348000000], 
[-0.000000000000, 2.133252000000, 7.622280000000], 
[7.408650000000, 2.336922000000, 4.120548000000], 
[1.692421000000, 1.231993000000, -6.229341000000], 
[9.236206000000, 1.048674000000, 6.262809000000], 
[7.480199000000, -4.219500000000, 2.153123000000], 
[-1.582696000000, 0.650683000000, -4.692199000000], 
[5.334769000000, -3.196788000000, -3.495806000000], 
[-0.000000000000, -7.521300000000, -5.250628000000], 
[8.529944000000, -5.285384000000, 3.519547000000], 
[12.700000000000, 8.400300000000, -4.490054000000], 
[12.700000000000, 0.361345000000, -5.362891000000], 
[12.700000000000, -6.503933000000, 4.798155000000], 
[12.700000000000, -6.824950000000, 4.001051000000], 
[-3.175000000000, -3.931034000000, -8.675978000000], 
[-1.877415000000, -9.317048000000, -1.979456000000], 
[4.849128000000, 2.146704000000, 4.222769000000], 
[-1.192374000000, -8.731164000000, 3.806889000000], 
[12.339394000000, -3.770541000000, -8.746922000000], 
[9.525000000000, 3.061711000000, 9.019509000000], 
[3.601094000000, 6.280966000000, -0.933789000000], 
[-1.942898000000, -7.110605000000, 6.337580000000], 
[-3.175000000000, 8.143966000000, 4.451384000000], 
[8.425305000000, -4.591230000000, -4.386697000000], 
[-0.598134000000, -6.692246000000, -6.777866000000], 
[-3.175000000000, 5.808196000000, 1.348769000000], 
[12.700000000000, 7.737616000000, 1.253146000000], 
[-3.175000000000, 0.000000000000, 9.525000000000], 
[-3.175000000000, -2.182287000000, 7.297071000000], 
[0.861012000000, 2.284113000000, -5.924975000000], 
[12.700000000000, 5.029846000000, -8.088651000000], 
[-0.000000000000, 7.252899000000, -3.214989000000], 
[-0.912874000000, 9.491761000000, 0.795048000000], 
[12.700000000000, 4.585153000000, 2.479509000000], 
[8.529480000000, -1.533925000000, -6.161946000000], 
[12.700000000000, 1.781047000000, 7.357556000000], 
[-0.000000000000, -6.669949000000, 4.133588000000], 
[0.895499000000, 1.319911000000, 6.211307000000], 
[0.871569000000, 0.000000000000, 4.737100000000], 
[10.797355000000, 1.384085000000, 4.530389000000], 
[-2.800553000000, -9.064435000000, -2.926029000000], 
[4.238416000000, -5.181643000000, -3.670569000000], 
[-3.175000000000, 4.924380000000, 2.537500000000], 
[9.525000000000, 1.453079000000, 9.056638000000], 
[11.087936000000, 3.436209000000, 8.883585000000], 
[1.104640000000, -6.348195000000, 0.151387000000], 
[12.700000000000, 5.742863000000, -3.528327000000], 
[2.648855000000, -3.080053000000, 3.599081000000], 
[9.327845000000, 3.281647000000, 3.416271000000], 
[2.438557000000, 6.166691000000, 1.514735000000], 
[3.625442000000, -4.714987000000, 4.253398000000], 
[9.525000000000, 5.652328000000, -6.093305000000], 
[9.525000000000, -6.815809000000, -3.511046000000], 
[-1.315765000000, 7.452816000000, 5.931371000000], 
[-1.596217000000, 1.085852000000, -4.610970000000], 
[-2.448300000000, -4.382971000000, 1.797130000000], 
[-0.000000000000, 1.793533000000, 7.708841000000], 
[0.000000000000, 5.740332000000, 2.714975000000], 
[12.700000000000, -4.510236000000, -2.821091000000], 
[9.525000000000, 6.342351000000, 0.311580000000], 
[-0.000000000000, 4.503567000000, -6.072357000000], 
[5.051921000000, 4.414282000000, 1.718788000000], 
[12.700000000000, 7.566312000000, 3.817092000000], 
[-1.117568000000, 7.829951000000, -5.423790000000], 
[-2.963805000000, 1.028991000000, 4.623991000000], 
[-0.000000000000, -4.640869000000, -7.727416000000], 
[5.043596000000, -1.817390000000, 4.374610000000], 
[-0.000000000000, 5.752336000000, -3.877133000000], 
[-3.003534000000, -3.239231000000, -3.456516000000], 
[-0.000000000000, -3.500355000000, 5.874494000000], 
[0.395384000000, -4.265687000000, 4.703872000000], 
[8.019049000000, 4.615054000000, -4.361625000000], 
[0.197300000000, -5.364397000000, 3.397903000000], 
[5.341888000000, -4.048144000000, 2.460212000000], 
[4.227003000000, 0.587642000000, 4.700510000000], 
[-3.175000000000, -2.923256000000, 7.370480000000], 
[9.525000000000, 0.449937000000, -9.052369000000], 
[12.700000000000, 7.576420000000, 1.049936000000], 
[-0.000000000000, -5.689392000000, 6.212132000000], 
[12.700000000000, -7.688103000000, 4.462890000000], 
[-1.260327000000, 5.714643000000, 7.620268000000], 
[-2.884987000000, 6.140323000000, 7.281625000000], 
[3.156132000000, -2.177885000000, -5.964840000000], 
[0.217859000000, -1.680678000000, 4.428932000000], 
[9.525000000000, 1.253408000000, 6.628556000000], 
[11.765460000000, 6.887246000000, 6.579625000000], 
[0.292131000000, -4.588272000000, 1.178082000000], 
[3.024625000000, -4.724885000000, 0.339973000000], 
[-2.028545000000, 1.511726000000, -9.404271000000], 
[8.076157000000, -3.550416000000, -3.136027000000], 
[3.951038000000, 3.614823000000, 5.220685000000], 
[-0.000000000000, -7.520422000000, 0.248176000000], 
[9.525000000000, -2.260225000000, 8.442786000000], 
[-0.000000000000, -3.942776000000, -7.170535000000], 
[12.700000000000, -1.603524000000, 7.780307000000], 
[12.700000000000, -5.536675000000, 1.236190000000], 
[12.700000000000, 8.446630000000, -0.432257000000], 
[-1.631154000000, 2.136550000000, -9.282283000000], 
[-0.667078000000, -6.405819000000, 7.049192000000], 
[3.183562000000, -5.986999000000, 2.116209000000], 
[0.053872000000, -4.636634000000, -0.970436000000], 
[10.765731000000, -8.960752000000, 3.229637000000], 
[-0.955341000000, -4.385540000000, -8.455334000000], 
[2.544301000000, -4.736790000000, -0.054162000000], 
[1.450104000000, 0.150015000000, -4.734724000000], 
[5.215093000000, -1.234983000000, 6.228749000000], 
[8.616809000000, 0.489636000000, 4.711727000000], 
[-3.175000000000, -8.265766000000, 4.209034000000], 
[0.197182000000, 6.302264000000, 0.777152000000], 
[-0.000000000000, 7.817139000000, -4.081120000000], 
[9.525000000000, -6.545058000000, 3.893888000000], 
[2.758031000000, -3.904390000000, -5.007818000000], 
[0.000000000000, 9.519900000000, 0.311649000000], 
[3.357295000000, -0.347694000000, 4.724323000000], 
[1.512729000000, -4.675850000000, 0.759303000000], 
[-0.831368000000, -5.093062000000, 8.048996000000], 
[11.837097000000, 5.503537000000, 7.774105000000], 
[9.525000000000, 3.931034000000, -8.675978000000], 
[11.764565000000, 9.498015000000, 0.716471000000], 
[-0.000000000000, 8.925982000000, 2.120976000000], 
[12.043056000000, 8.787671000000, -3.674571000000], 
[0.197480000000, -1.086058000000, -6.256435000000], 
[9.525000000000, -7.518987000000, -4.895951000000], 
[8.204715000000, -4.015081000000, -4.919515000000], 
[-3.175000000000, -2.203160000000, -7.034477000000], 
[12.398967000000, -4.039834000000, -8.625854000000], 
[9.834899000000, -0.818264000000, -4.665893000000], 
[12.516997000000, 2.758582000000, 3.851018000000], 
[3.063403000000, -4.360299000000, 1.851461000000], 
[3.752878000000, -0.537423000000, 6.327217000000], 
[0.123920000000, 0.873392000000, 4.655889000000], 
[11.553667000000, 5.208154000000, -7.975009000000], 
[7.900552000000, -3.399158000000, -3.299370000000], 
[4.689764000000, -0.551587000000, 4.704877000000], 
[8.019876000000, -2.833359000000, -5.682832000000], 
[-0.970971000000, -4.621866000000, 1.038492000000], 
[-3.175000000000, -7.810958000000, 2.281256000000], 
[-0.000000000000, -2.014501000000, 7.284289000000], 
[12.040706000000, 7.760724000000, 5.522389000000], 
[9.130997000000, 6.319119000000, 0.625489000000], 
[11.407712000000, -6.602591000000, -6.865233000000], 
[10.219761000000, 2.658166000000, 9.146572000000], 
[-3.175000000000, 3.761097000000, 6.261649000000], 
[4.663622000000, 5.581443000000, 3.028200000000], 
[11.127131000000, -1.603820000000, -9.389003000000], 
[6.963065000000, 4.077576000000, 2.411119000000], 
[-3.175000000000, -2.061402000000, 5.033837000000], 
[0.728157000000, -0.622723000000, -6.319392000000], 
[11.227340000000, -6.065578000000, 7.344004000000], 
[12.700000000000, 0.236494000000, 6.910696000000], 
[9.525000000000, 5.848132000000, 4.541704000000], 
[6.028027000000, 3.493284000000, -5.302779000000], 
[-3.175000000000, 6.894685000000, -6.191654000000], 
[12.700000000000, 4.958505000000, -7.312868000000], 
[12.351302000000, -0.183094000000, 9.523240000000], 
[9.525000000000, -5.226519000000, -4.333043000000], 
[-2.833366000000, -1.403363000000, -9.421051000000], 
[-1.594704000000, 4.429740000000, 1.678547000000], 
[0.996772000000, -5.275734000000, 3.533997000000], 
[12.700000000000, 3.740905000000, 7.583812000000], 
[12.700000000000, -7.074871000000, -0.462738000000], 
[-1.594914000000, 6.311085000000, 7.134132000000], 
[11.137952000000, -2.747775000000, 9.120053000000], 
[1.206352000000, -2.046520000000, -4.272221000000], 
[9.525000000000, -6.511217000000, -6.951955000000], 
[3.782599000000, 2.627532000000, 3.941598000000], 
[9.525000000000, 3.685975000000, 6.372580000000], 
[10.133556000000, 9.467504000000, -1.044984000000], 
[-0.000000000000, -6.789890000000, 1.942530000000], 
[0.516072000000, -4.272399000000, 2.046147000000], 
[12.012540000000, -0.225928000000, 9.522320000000], 
[0.582222000000, -0.732364000000, 6.307626000000], 
[-1.582881000000, 0.033009000000, -4.736985000000], 
[10.394470000000, 0.610946000000, -9.505386000000], 
[-0.000000000000, 2.453280000000, -7.264445000000], 
[0.862222000000, 6.302435000000, 0.775767000000], 
[5.807244000000, 1.018827000000, 6.267734000000], 
[1.316627000000, 2.134887000000, -5.980364000000], 
[-3.175000000000, -5.680172000000, 2.659505000000], 
[-2.587613000000, -3.010632000000, -9.036688000000], 
[11.196926000000, 0.647820000000, -9.502944000000], 
[12.700000000000, 5.420124000000, -4.468530000000], 
[12.700000000000, 4.710975000000, -6.190559000000], 
[2.643293000000, 4.400076000000, 1.754837000000], 
[9.866277000000, 2.045364000000, 9.302801000000], 
[10.398711000000, 9.126752000000, -2.725439000000], 
[-2.281438000000, 8.590117000000, -4.115279000000], 
[1.507345000000, 6.258052000000, 1.076701000000], 
[2.323030000000, 4.735877000000, -0.107634000000], 
[-3.175000000000, 0.311649000000, 9.519900000000], 
[3.795746000000, -4.702201000000, -0.573955000000], 
[9.131274000000, -2.136327000000, -5.979850000000], 
[-2.505657000000, 6.386251000000, 7.066925000000], 
[-3.175000000000, -0.621334000000, 8.475962000000], 
[-1.169928000000, -7.237772000000, 6.191953000000], 
[-0.594393000000, 1.316318000000, -9.433606000000], 
[-3.175000000000, -2.795620000000, 5.690918000000], 
[3.208136000000, 5.763515000000, 2.665408000000], 
[-3.175000000000, -6.280269000000, -7.161274000000], 
[0.250980000000, -3.792849000000, 2.838030000000], 
[12.700000000000, -6.795512000000, 2.749059000000], 
[-3.175000000000, -7.425345000000, -5.490223000000], 
[6.746526000000, 1.108952000000, 4.605469000000], 
[5.320440000000, 4.688622000000, 4.282444000000], 
[12.700000000000, -2.969249000000, 4.657246000000], 
[4.537556000000, 0.203370000000, -6.346743000000], 
[12.700000000000, -1.673952000000, -9.165613000000], 
[9.525000000000, 9.182965000000, 1.283696000000], 
[-3.175000000000, -2.274583000000, -7.757152000000], 
[-0.840345000000, 9.388576000000, 1.606320000000], 
[5.314963000000, 5.499042000000, -3.175381000000], 
[10.924274000000, 9.215099000000, -2.409890000000], 
[12.700000000000, -8.789323000000, 1.338953000000], 
[12.700000000000, -3.796442000000, 5.033043000000], 
[6.375264000000, -6.103933000000, 1.750573000000], 
[11.434566000000, 0.732412000000, 4.680138000000], 
[9.525000000000, 2.666272000000, -7.697841000000], 
[-3.175000000000, 6.409787000000, -5.512102000000], 
[11.663107000000, 1.194714000000, -4.583969000000], 
[-3.175000000000, 8.740993000000, 1.623882000000], 
[-3.175000000000, -6.646578000000, 1.143637000000], 
[-2.329315000000, 7.397717000000, -5.999951000000], 
[9.525000000000, -8.196827000000, -1.994868000000], 
[12.700000000000, 5.570089000000, -4.869432000000], 
[8.664333000000, 4.592932000000, 4.384915000000], 
[6.014278000000, 2.953527000000, -5.621314000000], 
[0.727116000000, 6.350000000000, -0.000494000000], 
[8.904522000000, 6.121525000000, -1.688024000000], 
[5.397916000000, 2.077832000000, -6.000426000000], 
[-0.972816000000, -2.202500000000, -4.193937000000], 
[5.318386000000, -4.605550000000, -1.108613000000], 
[9.525000000000, -6.294760000000, -5.596201000000], 
[2.561034000000, 1.650298000000, 6.131804000000], 
[9.328001000000, 4.379702000000, -4.597903000000], 
[8.205408000000, -5.091510000000, -3.794605000000], 
[10.075450000000, -1.827938000000, 4.370213000000], 
[3.356414000000, -6.301059000000, 0.786863000000], 
[2.764826000000, -3.664223000000, -5.186133000000], 
[-3.175000000000, 4.725664000000, -7.188892000000], 
[-0.000000000000, -8.001173000000, -4.039620000000], 
[-3.175000000000, -0.632284000000, 6.230342000000], 
[-1.597280000000, -3.993288000000, -2.548286000000], 
[8.204982000000, 1.558605000000, -6.155749000000], 
[1.697199000000, 6.077863000000, -1.839044000000], 
[1.511790000000, -6.121776000000, 1.687116000000], 
[9.525000000000, -7.249124000000, 1.349762000000], 
[5.654361000000, 6.028223000000, -1.995752000000], 
[-2.287176000000, -2.509593000000, -4.017718000000], 
[-3.175000000000, -1.551579000000, -9.397778000000], 
[0.229048000000, -3.596503000000, 3.083064000000], 
[-0.000000000000, -6.479034000000, -4.239882000000], 
[8.207972000000, -6.284014000000, 0.913053000000], 
[-0.641988000000, 4.577348000000, 8.353054000000], 
[9.818959000000, 6.840228000000, 6.628492000000], 
[12.700000000000, -4.240230000000, 3.190038000000], 
[12.700000000000, -0.463848000000, 7.894730000000], 
[9.131311000000, 6.160558000000, -1.539489000000], 
[-3.175000000000, -6.155183000000, -4.005071000000], 
[4.657773000000, 2.155915000000, -4.218074000000], 
[1.692520000000, 2.699014000000, -5.747854000000], 
[-3.175000000000, 4.115670000000, 3.767479000000], 
[2.806719000000, -6.328096000000, 0.526977000000], 
[7.377366000000, 4.406459000000, -1.738746000000], 
[-1.658045000000, 0.177967000000, 9.523337000000], 
[-2.599414000000, -4.988694000000, -8.114096000000], 
[11.501776000000, -8.434748000000, -4.425002000000], 
[12.061060000000, -5.898959000000, -7.478497000000], 
[6.307149000000, 4.725502000000, -0.331281000000], 
[12.700000000000, -4.296857000000, -2.868186000000], 
[10.171396000000, -4.702095000000, -0.574822000000], 
[-3.175000000000, -0.598819000000, 7.574643000000], 
[10.765253000000, 8.873092000000, 3.463216000000], 
[3.089222000000, -6.278509000000, -0.950171000000], 
[8.113110000000, -4.496433000000, 1.490708000000], 
[12.700000000000, -9.504606000000, 0.622965000000], 
[-2.805393000000, -4.102368000000, 2.368690000000], 
[11.716593000000, -2.250326000000, 9.255358000000], 
[11.657099000000, -0.844534000000, -9.487486000000], 
[-2.851742000000, 3.559146000000, -3.126115000000], 
[12.372374000000, 2.339927000000, 9.233112000000], 
[8.729324000000, 2.941275000000, -3.713357000000], 
[10.125923000000, -6.689276000000, -6.780798000000], 
[12.127309000000, 4.733120000000, -0.194153000000], 
[4.505704000000, 3.571943000000, 5.250116000000], 
[-0.000000000000, -8.595112000000, -3.188535000000], 
[-2.557080000000, -9.499507000000, 0.696414000000], 
[-1.534928000000, 9.095860000000, -2.826827000000], 
[12.700000000000, 7.908425000000, 2.011047000000], 
[-3.175000000000, 7.914357000000, 1.513054000000], 
[-0.000000000000, 8.420230000000, -0.025677000000], 
[-0.927521000000, -8.476552000000, -4.344386000000], 
[1.743233000000, -2.098914000000, -4.246725000000], 
[-0.942583000000, -7.886126000000, 5.341782000000], 
[10.377135000000, -1.562800000000, -9.395918000000], 
[12.700000000000, 4.719441000000, 7.315798000000], 
[1.984618000000, 4.516297000000, -1.429397000000], 
[9.525000000000, -6.727397000000, -2.407905000000], 
[5.535649000000, -0.494407000000, -4.711229000000], 
[-1.680362000000, -5.832239000000, -7.530645000000], 
[-3.175000000000, -3.233875000000, 4.421927000000], 
[-3.175000000000, 6.031415000000, 3.220541000000], 
[-3.003481000000, -2.234245000000, -4.177112000000], 
[2.155366000000, 2.273715000000, 5.928973000000], 
[2.132605000000, 0.987299000000, 4.633072000000], 
[5.396564000000, 0.949729000000, 4.640919000000], 
[9.027620000000, 4.069399000000, -2.424893000000], 
[0.238436000000, -3.696803000000, 2.962054000000], 
[2.748469000000, -4.537842000000, 1.359452000000], 
[1.319190000000, -0.001234000000, -6.350000000000], 
[-0.000000000000, 7.111763000000, -1.330631000000], 
[6.987075000000, -2.483232000000, 5.844318000000], 
[-0.000000000000, 4.787814000000, 5.578112000000], 
[8.473064000000, 0.447678000000, 6.334200000000], 
[9.498152000000, 2.415102000000, 4.075217000000], 
[12.700000000000, 8.954311000000, 1.498479000000], 
[-1.298974000000, 3.583198000000, -3.098517000000], 
[12.700000000000, -2.016116000000, 5.713987000000], 
[0.000000000000, -8.675978000000, -3.931034000000], 
[9.525000000000, 6.135425000000, 3.888656000000], 
[-0.000000000000, 6.850843000000, -2.083955000000], 
[-3.175000000000, -4.617155000000, 6.771780000000], 
[-3.175000000000, -8.538639000000, -1.574592000000], 
[-3.175000000000, 7.130174000000, 0.847537000000], 
[11.662328000000, -3.372477000000, -3.326637000000], 
[7.965519000000, 0.860033000000, 6.291490000000], 
[-1.884625000000, 4.212980000000, -8.542624000000], 
[4.463480000000, -3.066083000000, 3.610991000000], 
[4.828409000000, -4.628442000000, 1.008780000000], 
[10.600117000000, -0.802078000000, 4.668703000000], 
[2.439790000000, -2.536749000000, -4.000628000000], 
[-0.000000000000, 8.054251000000, 1.429697000000], 
[2.793467000000, -5.657031000000, 2.884528000000], 
[-3.175000000000, -2.737612000000, -7.549788000000], 
[0.000000000000, -1.551579000000, -9.397778000000], 
[0.621255000000, 6.348103000000, 0.155211000000], 
[2.323128000000, 4.709403000000, 0.511503000000], 
[9.240942000000, -2.604185000000, 3.957061000000], 
[5.938361000000, 4.700879000000, 0.584682000000], 
[8.528597000000, 5.451799000000, -3.255824000000], 
[7.926565000000, 1.319024000000, 6.211495000000], 
[4.567435000000, 1.314681000000, 4.551014000000], 
[9.525000000000, 6.911023000000, 0.345611000000], 
[4.819795000000, -3.053851000000, 3.621341000000], 
[12.374773000000, -8.599833000000, 4.094936000000], 
[9.816465000000, -7.163279000000, -6.277982000000], 
[8.333451000000, 4.272043000000, 2.046891000000], 
[-0.938036000000, 0.603698000000, 9.505849000000], 
[-3.175000000000, 8.629703000000, 2.582105000000], 
[10.898615000000, 0.945305000000, 4.641822000000], 
[1.795940000000, -4.705787000000, -0.543768000000], 
[12.700000000000, 5.618410000000, 1.570250000000], 
[-3.175000000000, 0.958917000000, 5.732121000000], 
[-0.627235000000, 4.566100000000, 1.261290000000], 
[12.700000000000, -2.923256000000, 7.370480000000], 
[10.429269000000, -6.402587000000, 7.052127000000], 
[0.995946000000, -5.096520000000, 3.787873000000], 
[4.280425000000, 5.055430000000, 3.842542000000], 
[-0.000000000000, -0.477616000000, -8.506327000000], 
[1.313518000000, -4.704162000000, -4.265367000000], 
[1.689448000000, -5.284497000000, -3.520880000000], 
[9.525000000000, -7.605411000000, 4.045442000000], 
[11.127560000000, -4.453090000000, -1.615582000000], 
[7.093827000000, 2.766927000000, -5.715472000000], 
[10.732442000000, 1.874104000000, 4.350615000000], 
[-0.966114000000, -9.017891000000, 3.066476000000], 
[-0.000000000000, -2.165223000000, -7.939751000000], 
[5.917315000000, 4.500896000000, 1.477177000000], 
[12.328730000000, -8.327754000000, 4.623217000000], 
[9.283266000000, -4.664019000000, 0.828881000000], 
[11.111620000000, 4.208394000000, 2.174750000000], 
[8.664261000000, -5.011005000000, 3.900298000000], 
[-0.000000000000, -5.424203000000, 4.965336000000], 
[1.682244000000, 0.311353000000, 6.342362000000], 
[12.700000000000, -6.490438000000, -2.121477000000], 
[12.700000000000, 7.632599000000, -5.222044000000], 
[8.705535000000, -4.202815000000, -2.185512000000], 
[11.215988000000, -6.313759000000, 7.131765000000], 
[12.700000000000, 6.892281000000, -1.792933000000], 
[9.515751000000, 2.046764000000, -4.272104000000], 
[-0.000000000000, 1.671176000000, 7.083422000000], 
[9.525000000000, -6.872977000000, 2.597660000000], 
[1.741244000000, 4.576323000000, 1.223675000000], 
[7.093568000000, 3.245534000000, 3.450598000000], 
[-3.175000000000, 0.804175000000, -9.316554000000], 
[12.700000000000, 2.841498000000, -7.027487000000], 
[-3.175000000000, 7.473974000000, 3.607948000000], 
[-3.175000000000, -1.551579000000, 9.397778000000], 
[4.724753000000, 2.033778000000, 6.015501000000], 
[-1.421810000000, 7.330034000000, 6.082452000000], 
[5.888243000000, -4.272472000000, -2.045996000000], 
[-2.474623000000, 3.264383000000, -8.948152000000], 
[10.861285000000, 4.585564000000, 1.188580000000], 
[5.006739000000, 2.357330000000, -5.896227000000], 
[12.700000000000, 3.072077000000, 8.710456000000], 
[-2.011723000000, -2.081002000000, 9.294894000000], 
[9.525000000000, 9.060816000000, 1.504081000000], 
[-0.000000000000, 3.849121000000, 7.904216000000], 
[-1.626187000000, 3.323501000000, 8.926364000000], 
[10.636534000000, -2.290404000000, -9.245522000000], 
[12.700000000000, -8.381644000000, 2.391041000000], 
[10.358268000000, -9.022877000000, -3.051774000000], 
[12.700000000000, -8.398368000000, -3.986830000000], 
[-3.175000000000, 3.079512000000, 4.928827000000], 
[9.525000000000, -5.702419000000, 5.441636000000], 
[9.492487000000, 2.139998000000, 4.226172000000], 
[-2.178967000000, 9.523060000000, -0.192236000000], 
[12.700000000000, -4.603442000000, 5.770182000000], 
[5.043228000000, -6.005933000000, -2.061862000000], 
[0.000000000000, -4.762500000000, 8.248892000000], 
[12.700000000000, 5.112013000000, -6.873500000000], 
[1.544416000000, 2.844815000000, 5.677105000000], 
[12.700000000000, 7.055141000000, 1.116915000000], 
[11.656152000000, -0.732127000000, 4.680182000000], 
[10.398964000000, 3.390169000000, -8.901257000000], 
[9.514136000000, 1.764862000000, -4.396064000000], 
[3.955179000000, -5.427842000000, -3.295609000000], 
[-2.805485000000, -6.839141000000, -6.629613000000], 
[2.542847000000, -0.370669000000, 4.722576000000], 
[6.385264000000, -5.642938000000, 2.912002000000], 
[-3.175000000000, 7.505680000000, -2.781730000000], 
[6.088435000000, 1.761964000000, 4.397226000000], 
[9.264038000000, -0.435909000000, 6.335020000000], 
[9.525000000000, -3.240317000000, -7.769202000000], 
[0.057866000000, 0.963405000000, -4.638099000000], 
[-0.000000000000, -6.972717000000, -3.018940000000], 
[7.531910000000, -3.105125000000, 3.577473000000], 
[11.080362000000, 1.547212000000, 9.398498000000], 
[-0.627307000000, 4.497306000000, -1.488071000000], 
[12.700000000000, 7.219630000000, 4.556924000000], 
[-1.225832000000, 4.330031000000, -8.483894000000], 
[12.700000000000, 2.425801000000, -7.961957000000], 
[-3.175000000000, -7.896312000000, -3.199608000000], 
[0.059390000000, -2.597792000000, -3.961261000000], 
[-3.175000000000, 5.634923000000, 5.025790000000], 
[9.525000000000, -1.943065000000, -9.071562000000], 
[12.700000000000, 6.805537000000, -2.064785000000], 
[9.525000000000, 6.537536000000, 1.597250000000], 
[-1.218152000000, -9.212368000000, -2.420308000000], 
[8.799369000000, -6.342676000000, 0.304903000000], 
[0.996544000000, -3.525126000000, -5.281665000000], 
[-0.646995000000, -9.375715000000, 1.679757000000], 
[3.392258000000, -1.670952000000, -6.126208000000], 
[0.517181000000, -4.076689000000, -2.412618000000], 
[-2.533133000000, 9.519392000000, -0.326814000000], 
[5.704163000000, -5.659171000000, 2.880328000000], 
[12.700000000000, -2.136577000000, -5.360055000000], 
[7.247728000000, 4.594163000000, -1.154897000000], 
[-3.175000000000, -1.135697000000, -5.947339000000], 
[4.329825000000, 1.230857000000, 4.574397000000], 
[-3.175000000000, -2.820645000000, 7.800746000000], 
[5.350536000000, 0.583769000000, 4.700992000000], 
[2.432140000000, 4.162944000000, -2.260534000000], 
[-1.114853000000, 1.991522000000, -9.314476000000], 
[12.700000000000, -2.961874000000, 6.201984000000], 
[9.256728000000, 4.602484000000, -1.121273000000], 
[-3.175000000000, 1.620237000000, -8.273111000000], 
[9.525000000000, -3.101871000000, 6.116923000000], 
[-3.175000000000, -5.817949000000, 5.498336000000], 
[9.525000000000, 8.054251000000, 1.429697000000], 
[3.108999000000, 6.223956000000, 1.258915000000], 
[-2.253771000000, 2.159984000000, 4.215992000000], 
[-3.175000000000, -8.543514000000, 0.754003000000], 
[4.959994000000, -3.348778000000, -5.395200000000], 
[11.981390000000, 0.603299000000, -4.698526000000], 
[6.030737000000, 3.574228000000, 5.248561000000], 
[9.525000000000, 2.447599000000, 7.555457000000], 
[4.492064000000, 2.667721000000, -5.762445000000], 
[2.749303000000, 4.309436000000, 1.966947000000], 
[0.230187000000, -3.492074000000, 3.200865000000], 
[4.484303000000, 4.731420000000, 0.231917000000], 
[-3.175000000000, -3.315322000000, -8.263485000000], 
[1.513276000000, 4.672801000000, 0.777845000000], 
[0.998724000000, 5.980406000000, -2.134770000000], 
[9.327849000000, 1.392678000000, -6.195397000000], 
[4.015389000000, -4.011444000000, -4.922481000000], 
[5.043180000000, -1.926043000000, -6.050856000000], 
[12.084197000000, 2.006035000000, -4.291380000000], 
[12.700000000000, 6.132343000000, -0.780862000000], 
[12.700000000000, -0.484276000000, 5.172200000000], 
[-3.003405000000, 4.314291000000, -1.956273000000], 
[-3.175000000000, 1.781773000000, 5.323080000000], 
[-1.594908000000, 4.675553000000, -0.761129000000], 
[9.525000000000, 4.490128000000, 4.490128000000], 
[-0.217832000000, 0.421763000000, 4.718287000000], 
[12.700000000000, -7.778064000000, -1.343706000000], 
[9.525000000000, -5.643986000000, -5.144742000000], 
[12.700000000000, 4.655421000000, -5.976459000000], 
[5.627575000000, -4.417116000000, -4.561972000000], 
[-3.175000000000, 7.800312000000, -1.549488000000], 
[9.328184000000, -6.332674000000, -0.468763000000], 
[0.280936000000, -4.562927000000, -1.272720000000], 
[-0.000000000000, -7.332159000000, -5.085396000000], 
[10.143559000000, -2.619164000000, 3.947163000000], 
[-0.604560000000, 9.216436000000, -2.404773000000], 
[-3.175000000000, -2.036758000000, 7.562590000000], 
[9.070020000000, 2.574689000000, -3.976317000000], 
[9.525000000000, -4.287582000000, -8.002881000000], 
[-3.175000000000, -5.870687000000, -3.943394000000], 
[12.700000000000, -6.151232000000, -3.991003000000], 
[9.525000000000, -7.751855000000, 1.816019000000], 
[9.525000000000, -6.870425000000, -5.020696000000], 
[12.700000000000, 3.079721000000, 5.744992000000], 
[8.208051000000, -6.349974000000, -0.018275000000], 
[-0.000000000000, 4.372416000000, -7.042065000000], 
[-1.866337000000, 2.683421000000, 9.139195000000], 
[0.501538000000, -1.072248000000, 4.614152000000], 
[12.128646000000, 2.727209000000, -3.873299000000], 
[8.086042000000, 3.306623000000, 3.392103000000], 
[12.700000000000, -2.693209000000, 7.120085000000], 
[11.552350000000, 1.880548000000, 4.347834000000], 
[-3.175000000000, -4.174289000000, 2.595740000000], 
[-1.914917000000, -4.019698000000, -8.635256000000], 
[12.700000000000, -7.222197000000, 4.993495000000], 
[-3.175000000000, -8.398368000000, -3.986830000000], 
[8.723231000000, 1.319588000000, -4.549594000000], 
[4.746350000000, 6.345868000000, -0.229053000000], 
[9.525000000000, -5.842340000000, 3.385128000000], 
[12.368394000000, -1.118450000000, 9.459106000000], 
[12.700000000000, 6.626787000000, -3.299357000000], 
[10.432579000000, 2.396414000000, 4.086235000000], 
[-0.000000000000, -1.638972000000, 7.298650000000], 
[-3.175000000000, -4.337457000000, 5.832987000000], 
[-2.826309000000, -5.661610000000, 7.659752000000], 
[12.700000000000, 2.638079000000, 6.093497000000], 
[6.060462000000, 4.176727000000, 2.234966000000], 
[0.850470000000, 0.857832000000, 6.291790000000], 
[-2.131787000000, 4.086885000000, 2.395305000000], 
[12.700000000000, 5.563680000000, -1.687395000000], 
[4.526314000000, -4.997556000000, -3.917516000000], 
[-0.848986000000, 8.928951000000, 3.316544000000], 
[12.367751000000, -0.630803000000, 9.504089000000], 
[3.554350000000, -3.999300000000, 4.932352000000], 
[12.700000000000, -2.368550000000, -4.102449000000], 
[-2.880992000000, 9.446125000000, -1.223251000000], 
[12.397479000000, 5.677610000000, -7.647900000000], 
[12.700000000000, -2.631792000000, -3.938755000000], 
[9.525000000000, 7.392458000000, 4.654849000000], 
[9.208557000000, -1.099579000000, 4.607716000000], 
[-3.175000000000, 7.115543000000, -4.771180000000], 
[12.700000000000, 5.451373000000, -1.957530000000], 
[-3.175000000000, 3.521463000000, 7.510457000000], 
[-0.000000000000, 3.129803000000, -6.834193000000], 
[9.525000000000, -3.990905000000, -6.383021000000], 
[1.339394000000, -2.995871000000, 5.598862000000], 
[-0.000000000000, -1.970691000000, -6.592128000000], 
[-0.000000000000, 0.818466000000, 9.242866000000], 
[2.846463000000, -3.432099000000, 5.342583000000], 
[8.528262000000, 0.320179000000, -6.341923000000], 
[0.197220000000, -1.992620000000, -6.029259000000], 
[2.871771000000, 2.275939000000, 5.928119000000], 
[12.700000000000, 6.791883000000, -2.817724000000], 
[-1.577885000000, 1.686561000000, 9.374494000000], 
[4.394031000000, -3.188875000000, 5.491227000000], 
[-3.175000000000, 6.572109000000, 2.466270000000], 
[0.294140000000, 2.539203000000, -3.999070000000], 
[-3.175000000000, -1.834871000000, -7.671860000000], 
[-3.175000000000, 7.786951000000, -4.005016000000], 
[12.700000000000, -0.387165000000, -5.738595000000], 
[-2.497147000000, -9.523268000000, -0.181652000000], 
[6.427020000000, 3.968564000000, 2.586622000000], 
[9.525000000000, 8.114476000000, -3.089262000000], 
[-3.175000000000, -6.634961000000, -3.238213000000], 
[7.462669000000, -6.205538000000, 1.346773000000], 
[-0.294487000000, -0.939908000000, 4.642918000000], 
[-0.000000000000, 2.075262000000, 8.950657000000], 
[-0.000000000000, -7.670903000000, -1.980026000000], 
[-3.175000000000, -0.268869000000, -7.857026000000], 
[-0.920900000000, -8.238881000000, -4.779798000000], 
[-0.912718000000, 6.509096000000, -6.953940000000], 
[12.700000000000, -5.926757000000, -3.053130000000], 
[11.088479000000, 9.292592000000, 2.091256000000], 
[3.534739000000, 5.565657000000, 3.057116000000], 
[-0.000000000000, 4.027747000000, 6.162775000000], 
[10.426464000000, -9.392376000000, -1.583948000000], 
[5.099384000000, -5.417991000000, 3.311777000000], 
[0.000000000000, 8.248892000000, 4.762500000000], 
[9.203962000000, -1.335542000000, 4.544936000000], 
[-3.175000000000, 3.719236000000, -4.022063000000], 
[-1.690608000000, 7.387342000000, -6.012720000000], 
[-1.960333000000, 2.659512000000, -3.920091000000], 
[9.504331000000, -1.863349000000, -4.355232000000], 
[-1.296372000000, -5.896532000000, -7.480410000000], 
[9.837277000000, -3.876062000000, -2.723281000000], 
[9.262528000000, 4.689883000000, -0.667169000000], 
[4.119877000000, 3.410744000000, -3.287392000000], 
[5.637167000000, -2.341803000000, -4.117775000000], 
[9.525000000000, 8.064004000000, 4.282895000000], 
[9.525000000000, 4.624159000000, 6.357897000000], 
[12.700000000000, 2.311703000000, 5.497538000000], 
[-2.977998000000, -2.230541000000, 4.179091000000], 
[-0.573010000000, 2.156033000000, -9.277777000000], 
[12.700000000000, -5.522483000000, 5.416815000000], 
[12.700000000000, 3.123387000000, 3.561540000000], 
[10.176109000000, -3.378682000000, -3.320335000000], 
[6.615444000000, 0.881868000000, 6.288466000000], 
[6.862287000000, -1.070780000000, 6.259068000000], 
[9.525000000000, -7.556691000000, 5.798453000000], 
[-2.862553000000, 4.059088000000, 8.616811000000], 
[7.462300000000, -5.822454000000, 2.534074000000], 
[0.556224000000, 0.905960000000, 4.649662000000], 
[-2.631738000000, 0.653803000000, -9.502535000000], 
[-0.000000000000, -0.435221000000, 9.234976000000], 
[4.983004000000, 6.266713000000, -1.025087000000], 
[11.517415000000, -4.965646000000, 8.128221000000], 
[-0.000000000000, -4.021202000000, -5.750445000000], 
[10.474085000000, 8.804658000000, 3.633678000000], 
[11.489278000000, 4.724544000000, -0.344672000000], 
[9.525000000000, 6.219943000000, -6.560897000000], 
[1.698617000000, -1.565291000000, -6.154053000000], 
[9.525000000000, 7.305511000000, 2.928449000000], 
[8.798327000000, 5.597023000000, 2.999305000000], 
[9.525000000000, 5.429438000000, 4.797006000000], 
[5.513314000000, -1.168791000000, 4.590647000000], 
[9.525000000000, 7.258238000000, -5.352138000000], 
[10.404972000000, -4.437832000000, 8.428005000000], 
[3.401418000000, 4.682029000000, 0.720222000000], 
[-0.634525000000, -7.234414000000, 6.195876000000], 
[9.525000000000, -6.381953000000, -1.653907000000], 
[8.904806000000, -6.302935000000, 0.771696000000], 
[-0.000000000000, 7.983880000000, 2.209437000000], 
[-3.175000000000, -6.905549000000, 5.160663000000], 
[12.700000000000, -4.797488000000, -4.851584000000], 
[0.296057000000, 3.089526000000, 3.590953000000], 
[-3.175000000000, -4.517882000000, -2.809400000000], 
[-2.837267000000, 8.296998000000, 4.678189000000], 
[12.700000000000, -6.377748000000, 6.045912000000], 
[5.370342000000, -1.050707000000, 6.262469000000], 
[-1.357591000000, -9.468228000000, 1.038402000000], 
[12.700000000000, -7.811731000000, 2.554411000000], 
[0.197287000000, -6.256536000000, -1.085475000000], 
[9.842758000000, 4.053864000000, 2.450776000000], 
[-0.000000000000, -3.149650000000, -6.191776000000], 
[8.528835000000, 4.497008000000, -4.483238000000], 
[-3.175000000000, -0.632134000000, -5.798270000000], 
[12.700000000000, -7.270322000000, -5.279180000000], 
[10.673038000000, 0.530247000000, 4.707330000000], 
[-3.175000000000, 6.945855000000, 0.482215000000], 
[9.072990000000, 2.038833000000, -4.275895000000], 
[12.155907000000, -9.393365000000, -1.578076000000], 
[-3.175000000000, 3.683198000000, 4.236029000000], 
[5.725498000000, -3.062940000000, -3.613657000000], 
[9.525000000000, -5.603863000000, -4.033343000000], 
[9.525000000000, -9.205301000000, 1.062318000000], 
[-1.560834000000, 2.868556000000, 3.769815000000], 
[9.525000000000, 4.446033000000, -6.452967000000], 
[-0.000000000000, -8.829285000000, -1.543058000000], 
[-0.000000000000, 7.409820000000, -2.573436000000], 
[-2.507559000000, 7.023337000000, 6.434156000000], 
[0.396790000000, 4.262232000000, 4.707003000000], 
[2.835600000000, -2.950112000000, -5.623107000000], 
[4.186462000000, -6.166982000000, -1.513550000000], 
[5.374839000000, 3.545962000000, -5.267699000000], 
[7.456648000000, -3.873042000000, -5.032101000000], 
[11.168939000000, -9.205172000000, -2.447538000000], 
[2.104326000000, -2.856247000000, 5.671362000000], 
[5.658822000000, -2.895450000000, 3.749198000000], 
[4.655656000000, 1.875326000000, -4.350089000000], 
[-3.175000000000, -0.483168000000, 8.890618000000], 
[0.000000000000, 3.355182000000, -8.914504000000], 
[-0.000000000000, -2.981355000000, -7.728873000000], 
[-3.175000000000, -2.621160000000, -5.140494000000], 
[5.902920000000, 3.959790000000, -2.600035000000], 
[10.867380000000, -0.035539000000, -4.736967000000], 
[12.700000000000, 6.722671000000, 5.147703000000], 
[8.626796000000, 1.965472000000, 6.038163000000], 
[9.525000000000, 7.003652000000, 1.452606000000], 
[10.860764000000, 0.379679000000, 4.721860000000], 
[5.082940000000, -3.788890000000, 2.843314000000], 
[7.488692000000, 2.956778000000, 3.701024000000], 
[12.700000000000, -7.506672000000, 2.843663000000], 
[-3.175000000000, -4.279380000000, 8.318692000000], 
[10.231341000000, -2.876460000000, 9.080286000000], 
[9.525000000000, -7.519906000000, -4.314047000000], 
[4.696788000000, 0.372983000000, -6.339037000000], 
[3.946465000000, -6.296332000000, 0.823832000000], 
[-3.175000000000, -6.663951000000, 1.415047000000], 
[6.038277000000, -1.671045000000, -4.432576000000], 
[9.328002000000, 5.805930000000, -2.571707000000], 
[12.700000000000, -0.726086000000, -6.017836000000], 
[4.114799000000, 4.285429000000, -2.018716000000], 
[-3.175000000000, -0.976047000000, -5.236410000000], 
[-0.030012000000, -3.155414000000, 3.533197000000], 
[-3.175000000000, -1.987143000000, -6.992034000000], 
[12.700000000000, 4.989745000000, 6.076314000000], 
[-0.961829000000, 7.411616000000, 5.982773000000], 
[3.961870000000, -3.598130000000, 5.232204000000], 
[10.413016000000, 4.170677000000, -8.563357000000], 
[4.488305000000, -4.215407000000, 2.161124000000], 
[-1.495882000000, -9.217919000000, -2.399080000000], 
[-3.175000000000, 1.884066000000, 8.255445000000], 
[11.454380000000, -2.619230000000, 3.947119000000], 
[4.487867000000, -1.886826000000, -4.345113000000], 
[9.580757000000, 0.186555000000, 4.733425000000], 
[-0.000000000000, 7.223654000000, -4.433034000000], 
[0.000000000000, 9.019509000000, -3.061711000000], 
[6.516645000000, -4.312817000000, -1.959521000000], 
[2.080548000000, -6.197572000000, -1.382968000000], 
[-0.339565000000, 2.943911000000, -9.058643000000], 
[-0.558027000000, 0.573853000000, 4.702213000000], 
[12.700000000000, -4.868820000000, -1.860722000000], 
[12.700000000000, -6.963390000000, -5.835975000000], 
[12.700000000000, 6.581658000000, 1.028893000000], 
[9.525000000000, -5.476051000000, -6.276262000000], 
[0.877742000000, 4.664989000000, 0.823406000000], 
[5.131261000000, 1.346924000000, 4.541576000000], 
[-2.287066000000, -1.963636000000, -4.310945000000], 
[8.663549000000, 3.900044000000, 5.011203000000], 
[9.525000000000, 1.843308000000, -6.076571000000], 
[-1.559526000000, -5.587873000000, -7.713709000000], 
[12.700000000000, -4.452418000000, -2.209955000000], 
[12.700000000000, -0.591887000000, 6.499423000000], 
[12.700000000000, 1.822232000000, 7.091743000000], 
[-0.000000000000, 8.317873000000, -2.416478000000], 
[0.292684000000, -1.913026000000, -4.333641000000], 
[9.217742000000, 0.000000000000, 6.350000000000], 
[10.519034000000, -8.275089000000, -4.716835000000], 
[10.914277000000, -9.446248000000, 1.222304000000], 
[-3.175000000000, -4.498984000000, -6.948609000000], 
[9.525000000000, 8.108091000000, 3.063573000000], 
[12.700000000000, 8.531870000000, -1.220737000000], 
[-3.175000000000, -7.556691000000, 5.798453000000], 
[5.187219000000, 2.378157000000, 4.096887000000], 
[1.100380000000, -6.197189000000, 1.384682000000], 
[-3.175000000000, -2.907129000000, -4.056894000000], 
[9.809840000000, -2.740014000000, 3.864252000000], 
[10.139253000000, 5.203194000000, -7.978245000000], 
[7.077816000000, -4.734923000000, 0.143587000000], 
[12.700000000000, -4.212800000000, 8.542713000000], 
[-0.000000000000, -7.256151000000, -4.258632000000], 
[0.864702000000, -6.031001000000, 1.987341000000], 
[12.700000000000, 1.333724000000, 6.411832000000], 
[-1.910358000000, -9.513385000000, 0.470250000000], 
[-3.175000000000, 2.841954000000, -8.271828000000], 
[-3.175000000000, 7.632132000000, 4.273691000000], 
[-1.096309000000, -9.147289000000, 2.655699000000], 
[4.315846000000, 4.975583000000, -3.945387000000], 
[12.700000000000, -1.862560000000, -5.787806000000], 
[9.050108000000, -3.968355000000, -2.586943000000], 
[9.525000000000, -5.005544000000, -4.765674000000], 
[12.338482000000, 1.227490000000, -4.575302000000], 
[-3.175000000000, -2.733092000000, -6.806592000000], 
[4.140546000000, -3.869671000000, -2.732355000000], 
[9.525000000000, 6.512392000000, 3.268012000000], 
[1.696545000000, 3.767628000000, -5.111505000000], 
[11.060716000000, 3.675876000000, 2.987984000000], 
[10.171682000000, 3.730690000000, -2.919258000000], 
[4.512334000000, 2.936408000000, 3.717207000000], 
[8.662950000000, -5.361361000000, -3.402691000000], 
[11.681941000000, -8.214153000000, -4.822170000000], 
[10.073068000000, 6.285753000000, 7.156461000000], 
[12.700000000000, 6.217200000000, -3.762584000000], 
[-0.633096000000, -4.361987000000, -1.847482000000], 
[-0.627051000000, 4.362418000000, 1.846463000000], 
[-1.596892000000, -3.198017000000, -3.494682000000], 
[-0.939905000000, 9.363400000000, -1.747103000000], 
[5.383354000000, 5.284572000000, -3.520767000000], 
[-3.175000000000, 6.394839000000, 0.243489000000], 
[-3.175000000000, 5.250153000000, -5.975766000000], 
[7.113957000000, 4.307132000000, 1.971987000000], 
[10.475234000000, -0.364237000000, -9.518033000000], 
[9.525000000000, -8.172126000000, -3.370917000000], 
[11.113983000000, -4.389539000000, -1.781029000000], 
[8.799072000000, 6.161392000000, -1.536147000000], 
[-3.175000000000, -5.997309000000, -1.917976000000], 
[9.324490000000, -2.282068000000, 5.925763000000], 
[5.299666000000, -2.458638000000, -4.049100000000], 
[10.025930000000, -6.521166000000, -6.942624000000], 
[-0.349329000000, -8.324019000000, 4.629938000000], 
[6.581475000000, 0.709380000000, 4.683684000000], 
[11.468947000000, -0.454559000000, 9.514147000000], 
[1.779543000000, 0.086979000000, -4.736301000000], 
[-0.000000000000, 6.235143000000, 4.883080000000], 
[9.525000000000, 5.278096000000, 7.672873000000], 
[-1.242142000000, -8.845058000000, 3.534202000000], 
[-0.000000000000, 2.994098000000, -7.052212000000], 
[5.693977000000, 6.300831000000, -0.788690000000], 
[5.843303000000, -1.256460000000, 6.224453000000], 
[9.525000000000, 6.565898000000, 6.429499000000], 
[11.555628000000, 0.185264000000, 4.733476000000], 
[-3.175000000000, 5.964932000000, -1.807811000000], 
[-3.175000000000, -7.742365000000, 5.548100000000], 
[12.398749000000, -8.979644000000, 3.176732000000], 
[-2.491874000000, 5.350405000000, 7.880279000000], 
[8.513149000000, -0.202553000000, 4.732768000000], 
[-3.175000000000, 5.685392000000, -5.961858000000], 
[-2.133719000000, -4.086568000000, -2.395845000000], 
[12.700000000000, 2.700223000000, -5.754831000000], 
[12.700000000000, -6.281570000000, -1.915578000000], 
[9.525000000000, 7.262927000000, 0.317115000000], 
[9.525000000000, -8.093170000000, 0.845686000000], 
[11.981169000000, -0.015171000000, -4.737076000000], 
[6.361223000000, -4.201484000000, -4.761305000000], 
[9.525000000000, 0.126443000000, 9.239642000000], 
[-3.175000000000, -7.880910000000, -0.323237000000], 
[-1.804885000000, -2.340380000000, -4.118585000000], 
[9.525000000000, -7.424511000000, 3.857942000000], 
[10.396831000000, -8.107340000000, 4.999667000000], 
[0.000000000000, 0.622409000000, -6.319423000000], 
[-0.263924000000, -8.538529000000, 4.221273000000], 
[6.023853000000, -4.245337000000, 4.722246000000], 
[12.700000000000, -1.181875000000, -6.213739000000], 
[-3.175000000000, -2.969249000000, 4.657246000000], 
[1.103541000000, 4.594042000000, 4.383752000000], 
[9.525000000000, -7.014006000000, -0.406023000000], 
[4.093817000000, 1.050987000000, 6.262422000000], 
[12.700000000000, -4.851905000000, -2.429573000000], 
[12.094930000000, -2.786897000000, -9.108174000000], 
[0.729102000000, -5.867377000000, 2.428247000000], 
[4.952026000000, -3.612194000000, -5.222505000000], 
[12.700000000000, 2.105026000000, -5.887991000000], 
[-0.599213000000, 3.130618000000, -8.995824000000], 
[6.389804000000, -5.704953000000, -2.788550000000], 
[8.405871000000, 2.557963000000, -3.987097000000], 
[11.490236000000, -4.652786000000, -0.889775000000], 
[12.700000000000, 0.646778000000, 6.486238000000], 
[3.762929000000, -4.689578000000, 0.669308000000], 
[0.851315000000, -1.125123000000, 6.249528000000], 
[-2.843201000000, -6.835647000000, 6.633216000000], 
[-3.175000000000, 4.477093000000, -3.523245000000], 
[1.513230000000, 3.854092000000, -2.754286000000], 
[-3.175000000000, 3.429505000000, -7.884887000000], 
[2.816030000000, -1.131780000000, -4.599912000000], 
[9.525000000000, 6.037549000000, 7.085483000000], 
[-3.175000000000, 5.071049000000, -2.704393000000], 
[3.064018000000, -6.013181000000, -2.040627000000], 
[11.494866000000, -4.061311000000, 8.615763000000], 
[-3.175000000000, 3.487252000000, 5.402539000000], 
[0.525507000000, -4.656045000000, 0.872558000000], 
[9.525000000000, 4.879470000000, -7.615182000000], 
[-3.175000000000, -0.534076000000, 5.167295000000], 
[-0.338562000000, 7.819134000000, 5.439372000000], 
[11.773870000000, -9.196583000000, -2.479615000000], 
[10.962583000000, -0.443475000000, 4.716296000000], 
[9.821771000000, -4.324239000000, 8.486848000000], 
[1.170359000000, 0.048304000000, -4.736854000000], 
[4.617021000000, 4.425848000000, 4.553501000000], 
[11.860015000000, -0.857137000000, -4.658909000000], 
[-3.175000000000, -3.847804000000, -3.275010000000], 
[0.726723000000, -3.525693000000, -5.281287000000], 
[12.700000000000, -3.952529000000, 7.094334000000], 
[10.046002000000, -7.353093000000, 6.054556000000], 
[-0.000000000000, 6.506964000000, -4.841259000000], 
[-0.000000000000, -1.627224000000, -7.268435000000], 
[8.904433000000, -5.803391000000, -2.577431000000], 
[9.525000000000, 0.179250000000, 6.908199000000], 
[11.042634000000, -2.187950000000, 9.270302000000], 
[-2.851649000000, -4.726736000000, 0.313187000000], 
[12.700000000000, 2.592566000000, -6.067719000000], 
[0.525936000000, -1.766619000000, -4.395358000000], 
[-3.175000000000, 4.973720000000, 0.007353000000], 
[-0.291912000000, -2.658927000000, 3.920488000000], 
[9.525000000000, -6.940857000000, 0.985652000000], 
[-0.000000000000, -3.565919000000, 5.585339000000], 
[9.831103000000, 8.402096000000, 4.486693000000], 
[-3.175000000000, -1.912706000000, 7.304726000000], 
[-3.175000000000, -6.135611000000, 5.331691000000], 
[7.194156000000, 0.538353000000, 6.327138000000], 
[1.314470000000, 1.209476000000, 4.580096000000], 
[-1.837001000000, 8.418930000000, -4.455024000000], 
[8.426092000000, 6.025546000000, 2.003820000000], 
[9.254030000000, -3.210818000000, 3.482924000000], 
[-0.000000000000, 4.453694000000, -5.752760000000], 
[11.988760000000, -6.816236000000, -6.653162000000], 
[-2.498348000000, -3.887514000000, -8.695565000000], 
[11.814863000000, -4.672428000000, -0.780083000000], 
[4.828224000000, 4.511815000000, 1.443483000000], 
[-2.589914000000, -0.638548000000, 9.503572000000], 
[11.126387000000, 4.713035000000, -0.476884000000], 
[-3.175000000000, -5.131491000000, 2.861437000000], 
[-3.175000000000, 0.933256000000, 8.071602000000], 
[-3.175000000000, -4.557850000000, 7.657956000000], 
[5.637125000000, -0.634490000000, 4.694416000000], 
[0.197668000000, 4.808455000000, -4.147440000000], 
[12.096120000000, -6.025456000000, 7.376958000000], 
[-3.175000000000, 6.364356000000, -0.231589000000], 
[-3.175000000000, 7.908425000000, 2.011047000000] 
 ];
