Primitive1 :=[Plane, [0 0 1 -3]];

Primitive2 :=[Cylinder, [1 1 0 0 0 0 0 -0 -0 -12.25]];

Primitive3 :=[Cylinder, [1 1 0 0 0 0 0 -0 -0 -2.25]];

Primitive4 :=[Plane, [0 0 1 -0]];

Primitive5 :=[Plane, [0 0 1 1]];

Primitive6:=[Torus, [0.0276771462223447 9.42003180738127e-17 1.20156119757734e-16 1.55005221653175e-16 0.0553542924446894 -3.04123644319272e-16 -2.85649678000993e-16 0.0553542924446896 -2.11289161122734e-16 -0.401318620223999 -3.24731331025255e-17 -3.52324085163349e-17 -5.27451005475648e-18 -8.02083251862589e-17 9.38150848148593e-18 1.09614435936693e-17 4.17705470077222e-17 2.12226194439395e-17 1.65201363942754e-17 8.90402576660219e-17 0.0276771462223446 -7.01829139821264e-17 -5.0488274212463e-17 0.0553542924446893 3.15141289253532e-17 -0.401318620223998 -6.34525091907174e-16 4.82870546930246e-18 8.8668192584198e-16 -1.52027576640317e-17 0.0276771462223447 -3.47774761861498e-17 0.29061003533462 2.22652756873106e-17 0.762851342753376]];

