Primitive1:=[932 722 1249 129 944 925 909 1211 983 953 962 222 379 1284 646 1052 458 681 806 1187 1042 1406 1329 94 929 335 153 826 851 717 282 248 428 109 498 794 659 1049 484 319 1166 950 97 381 977 393 628 38 868 230 312 1294 473 7 1416 1462 1367 1499 998 1262 1128 924 442 1228 314 295 1440 988 325 1402 880 287 1205 66 548 49 1201 921 371 261 589 752 1048 772 481 493 1289 250 1364 1111 692 1033 547 1493 1251 1131 297 298 1381 666 433 946 736 361 561 344 58 1463 709 855 567 186 444 1022 218 593 226 533 184 1103 57 1383 739 474 764 1453 865 1323 105 1143 462 470 62 397 208 597 491 439 1485 1448 993 703 1116 1154 1338 15 268 1183 452 1378 453 336 356 707 874 171 217 627 994 626 410 1188 288 658 360 262 123 350 1079 1258 1068 1500 1241 1071 1316 616 1488 748 275 140 768 544 382 534 719 1317 487 893 1239 543 1160 974 16 201 1247 529 1196 523 327 743 369 625 1270 96 797 1090 1101 150 430 1370 1010 554 416 829 996 338 1307 1446 1340 781 571 822 276 89 1354 734 770 1345 1226 539 514 1038 788 1373 52 1023 987 926 79 133 345 713 1076 989 970 1297 1420 727 1266 838 1442 1046 347 1203 269 756 715 1295 917 696 507 157 22 33 51 1386 499 322];

Primitive2:=[932 944 925 909 1211 983 953 1408 355 348 68 1047 899 1394 390 1256 1250 894 1064 358 224 896 329 1268 396 1003 1096 1126 538 1347 1225 935 11 595 790 661 197 695 362 1415 1147 1009 816 1419 811 844 138 1198 88 254 28 902 677 1298 306 116 294 160 1343 854 1034 1449 1097 117 1272 620 10 84 1333 375 255 492 679 321 986 1492 506 553 1335 1286 657 183 940 637 388 556 955 266 118 185 1087 1062 1412 528 807 919 818 30 1480 700 1430 565 273 203 9 603 1186 107 1081 122 897 1117 1223 502 665 537 1330 793 1248 142 724 359 1397 1458 264 1146 326 1465 108 223 642 834 152 368 90 1206 1431 1043 1085 771 1142 420 1148 334];

Primitive3:=[68 155 1125 1424 690 1236 711 315 1429 1115 758 332 778 941 1344 848 948 1134 187 1332 114 800 75 730 1105 997 1313 584 833 31 819 1437 71 1375 1411 1015 783 1359 846 2 241 182 817 787 1435 1425 425 211 633 590 328 37 1454 1099 1468 1078 1447 991 1319 1308 982 1436 5 252 821 1363 930 618 1073 1324 726 174 531 1353 1200 860 500 1044 827 299 324 814 740 619 135 17 279 512 871 1127 98 367 830 643 1172 446 1213 253 1409 1170 303 1277 1377 999 656 12 672 843 776 775 1138 892 1244 290 35 489 759 1208 1129 70 1337 1320 337 562 1467 825 813 1055 192 1392 876 280 1253 923 1471 419 615 42 318 678 535 450 1473 127 189 238 1005 942 888 508 1098 957 1389 864 863 1209 459 1445 308 1067 274 735 608 1156 1025 723 404 1006 1173 391 292 206 151 828 576 13 448 424 686 898 763 291 1260 1218 958 351 455 1199 1444 747 43 205 1119 791 760 204 887 36 1491 437 1476 505 55 378 1017 120 48 1195 1246 1263 664 1245 650 577 1177 1008 662 86 1122 1318 411 515 102 527 181 441 380 1024 32 841 1152 237 330 1061 1214 1059 1472 938 180 346];

Primitive4:=[1042 1406 315 1429 1451 890 340 46 685 251 1162 1391 741 570 1215 74 1306 1190 34 29 309 496 1365 392 563 313 236 1207 1496 1278 1426 799 1140 1242 559 766 718 244 728 651 966 782 774 761 744 850 1283 1185 1036 705 25 1350 654 882 154 1264 1051 918 85 575 798 911 372 1341 779 307 1301 374 436 1082 680 607 714 229 339 582 488 240 1257 1371 699 831 429 684 1189 1041 1321 1459 1390 56 769 353 3 1328 1382 961 300 1418 167 835 733 1291 867 111 1144 195 1050 786 176 591 1282 634 40 104 460 1484 694 1110 862 1495 1414 745 54 60 95 18 431 91 780 789 1265 1083];

Primitive5:=[722 1249 129 1408 355 348 155 1125 1424 690 1236 711 1451 890 340 46 1403 990 1176 144 1311 621 497 162 125 100 1460 1132 578 511 1331 145 495 602 1150 1450 849 26 640 231 856 67 933 1269 494 521 92 1063 1020 465 256 398 973 24 72 976 387 1021 801 1123 585 1221 541 14 63 447 1231 617 1192 1261 1054 638 457 1012 1422 1314 409 1194 172 995 1007 1106 965 1498 655 1410 1497 1039 477 704 277 296 542 545 283 936 1464 76 1287 1075 886 907 1477 486 220 468 920 1234 1151 979 784 742 1281 265 194 1219 931 461 912 572 1351 475 478 233 802 417 384 225 1109 536 1474 552 683 1456 234 178 426 1088 1120 969 343 65 1369 472 1357 1305 951 41 1074 147 1482 1026 1452 837 158 1056 1404 891 939 1372 1233 159 1114 263 190 767 691 394 805 239 1197 1094 928 706 660 209 569 526 1293 121 632 1288 1479 399 1058 1031 207 598 164 173 1355 1014 1235 1285 796 952 635 1069 1466 352 69 546 1155 1421 1181 1095 1157 519 216 624 1065 407 1405 126 99 1455 1171 418 1274 906 1486 1240 765 202 905 978 45 423 1368 573 1027 560 1072 434 77 927 413 1174 1169 139 50 1322 1348 1165 641 212 1342 188 1439 304 1303 725 520 137 165 405 731 333 1019 170 1175 1376 879 845 454 1163 883 301 305 622 1387 614 1002 1130 406 1232 1432 884 466 1304 875 981 149 272 1158 644 1 1396 975 1100 599 23 550 1490 870 169 1275 580 27 652 1346 432 1427 653 227 357 645 937 1217 59 44 663 1168 1210 1077 639 403 1309 564 1159 106 980 1469 708 610 877 1366 551 259 485 1113 463 101 81 873 1290 365 968 1040 168 480 823 1398 1107 1393 483 1334 331 609 177 1202 1300 400 464 749 1395 1417 210 1443 836 440 594 1361 954 820 1302 668];

Primitive6:=[932 962 222 379 1284 646 1052 458 681 806 1187 1047 899 1394 1115 758 332 778 941 1344 848 948 685 1271 110 959 166 701 1220 73 702 1080 1204 310 19 815 566 532 243 1161 1136 1259 881 600 1230 112 858 1037 141 53 281 196 228 232 193 840 557 509 503 1184 113 1327 1475 143 984 501 370 389 175 1035 601 1004 132 682 257 516 623 1137 698 1243 1254 128 847 1028 649 530 1385 421 729 1121 1182 136 669 215 449 82 385 284 710 956 738 872 697 278 80 522 1339 1267 673 910 1153 1030 1167 311 1380 469 93 87 716 1032 773 1133 908 795 574 1229 1352 1238 471 1470 922 415 675 647 1478 1164 1053 1438 401 964 289 540 842 1108 972 4 445 1487 1178 1180 1224 1135 1255 1401 270 316 1310 1461 889 1237 992 612 271 853 510 517 525 1292 901 1222 878 1296 1086 1212 667 438 808 476 198 1093 1276 1191 555 1000 386 221 342 246 579 630 1149 674 518 1057 804 1092 349 1118 945 1252 267 754 895 636 757 558 1428 915 6 1325 676 762 1141 604 366 751 249 1016 568 670 960 1280 1029 242 689 1179 611 64 156 721 712 191 39 124 199 869 1407 737 235 131 809 179 341 963 1349 21 1481 900 1001 293 949 1494 1227 286 427 163 377 115 1360 587 1384 373 859 904 1379 1441 412 479 422 214 408 258 631 219 364 671 1273 402 596 146 1216 1483 130 549 1102 1315 1091 914 857 839 260 746 606 103 78 1011 861 1413 285 586 119 1326 435 1104 1013 61 482 985 247 1489 1018 1139 317 913 1374 605 755 832 1279 1423 395 513 687 971 1399 1124 934 443 943 1089 777 720 812 1388 1362 148 47 629 916 1336 785 613 1356 1457 363 583 467 490 803 456 885 320 354 648 1066 947 592 688 693 83 134 504 1070 1433 1358 1434 383 1312 200 792 414 753 581 588 451 1193 750 1060 1145 161 967 376 1299 524 245 1084 732 810 302 852 323 1112 20 1045 866 1400 213 824 903 8];

