Primitive1 :=[Plane, [0 0 -1 -0]];

Primitive2 :=[Sphere, [1 1 1 0 0 0 -1.01786e-16 -1.24652e-32 -10 56.44]];

Primitive3 :=[Sphere, [1 1 1 0 0 0 -1.01786e-16 -1.24652e-32 -10 50.2975]];

Primitive4 :=[Cylinder, [1 1 0 0 0 0 -0 0 -0 -25.5025]];

Primitive5 :=[Plane, [-1.22465e-16 1 0 -0]];

Primitive6:=[Torus, [0.000156199645320975 -3.11531615388083e-18 4.06362076813461e-18 -2.27769079508285e-17 0.000312399290641952 -1.39562113456626e-17 4.24140048585041e-17 0.000312399290641945 -0.00228654412799562 -0.026400695943064 -1.36690180843478e-18 -6.98646547232125e-18 5.95250648864643e-17 -7.81289508165506e-18 6.73208369410096e-17 1.00857734139004e-16 2.23848299163839e-17 -3.91578631930656e-16 1.2092876558456e-15 6.95455059725806e-16 0.000156199645320974 -1.13415939110608e-18 -6.04076781110627e-18 0.000312399290641948 -0.00228654412799563 -0.0264006959430637 -2.40257612116871e-17 2.44608296815653e-16 -1.06566638619169e-16 1.58678627130419e-16 0.000156199645320978 -0.00228654412799565 0.0331398210785601 -0.181312747070255 0.982149375446055]];


