Points:=[
[-100.000000000000, -240.060165000000, 122.105980000000], 
[-33.346004000000, 255.629120000000, 150.000000000000], 
[77.277184000000, -300.000000000000, 109.706459000000], 
[100.000000000000, -158.470520000000, 62.692825000000], 
[53.530319000000, -25.251562000000, 150.000000000000], 
[100.000000000000, 111.837471000000, -50.446018000000], 
[18.405212000000, -138.252167000000, -150.000000000000], 
[100.000000000000, -220.774017000000, -34.196880000000], 
[-5.111718000000, 300.000000000000, -47.710026000000], 
[-93.283928000000, 300.000000000000, -28.896404000000], 
[-70.319656000000, 300.000000000000, -85.808983000000], 
[93.229630000000, 212.000916000000, 150.000000000000], 
[-95.064659000000, -45.390778000000, 150.000000000000], 
[-100.000000000000, -153.899078000000, -137.996124000000], 
[11.469579000000, 160.326157000000, -150.000000000000], 
[-60.537102000000, -165.195358000000, -150.000000000000], 
[-91.546440000000, -172.772049000000, 150.000000000000], 
[-84.981812000000, -300.000000000000, 0.776202000000], 
[100.000000000000, 77.085648000000, 94.888596000000], 
[100.000000000000, -260.528656000000, 20.060497000000], 
[100.000000000000, 84.395882000000, -134.805237000000], 
[81.070251000000, 175.231735000000, -150.000000000000], 
[-100.000000000000, 99.599792000000, 22.383745000000], 
[-100.000000000000, -32.197643000000, 98.892166000000], 
[-24.893303000000, -300.000000000000, 22.057714000000], 
[-100.000000000000, 115.257919000000, -131.795670000000], 
[-100.000000000000, -118.169212000000, 63.488026000000], 
[34.204010000000, 300.000000000000, -56.541687000000], 
[-8.161043000000, -300.000000000000, 97.501991000000], 
[-6.165550000000, 300.000000000000, 64.237679000000], 
[79.317879000000, -12.619718000000, 150.000000000000], 
[-53.056900000000, -170.888428000000, 150.000000000000], 
[42.620445000000, 176.181442000000, -150.000000000000], 
[-56.339630000000, -300.000000000000, -12.633813000000], 
[92.077515000000, -49.536438000000, 150.000000000000], 
[-80.875832000000, 87.272850000000, 150.000000000000], 
[74.984734000000, -155.370010000000, 150.000000000000], 
[86.307526000000, 267.555939000000, -150.000000000000], 
[100.000000000000, -46.932064000000, -15.921975000000], 
[59.218510000000, -300.000000000000, -25.267229000000], 
[-100.000000000000, -209.901230000000, 30.755447000000], 
[37.340893000000, -201.557846000000, 150.000000000000], 
[20.190336000000, 96.728294000000, 150.000000000000], 
[-100.000000000000, -86.289589000000, 51.001118000000], 
[-100.000000000000, -105.795242000000, 6.192157000000], 
[-100.000000000000, -300.000000000000, -31.395350000000], 
[100.000000000000, 113.819443000000, 6.873567000000], 
[21.964605000000, -176.031448000000, 150.000000000000], 
[89.947380000000, -68.374413000000, -150.000000000000], 
[-100.000000000000, 218.990799000000, -46.661938000000], 
[95.521042000000, -39.167675000000, -150.000000000000], 
[-39.901920000000, -200.500366000000, -150.000000000000], 
[100.000000000000, 70.695549000000, -89.357437000000], 
[-17.494917000000, -300.000000000000, -59.239361000000], 
[-24.095989000000, 43.964325000000, 150.000000000000], 
[28.518879000000, -300.000000000000, 48.741989000000], 
[-47.344807000000, -270.891602000000, -150.000000000000], 
[56.557961000000, -103.745552000000, -150.000000000000], 
[-100.000000000000, -182.623032000000, 72.204178000000], 
[56.995239000000, -300.000000000000, -34.556107000000], 
[100.000000000000, -180.955765000000, 25.319269000000], 
[-83.538765000000, 162.849136000000, -150.000000000000], 
[-100.000000000000, 157.185577000000, 26.747047000000], 
[100.000000000000, -245.536438000000, -57.526119000000], 
[-100.000000000000, 55.614109000000, 90.856361000000], 
[40.834435000000, 153.850708000000, -150.000000000000], 
[-100.000000000000, 65.535980000000, -57.093918000000], 
[-44.827587000000, 300.000000000000, 150.000000000000], 
[-100.000000000000, -2.536633000000, 93.114182000000], 
[19.534088000000, 260.308838000000, 150.000000000000], 
[-82.139915000000, 72.801918000000, 150.000000000000], 
[-100.000000000000, -175.529984000000, -62.685341000000], 
[100.000000000000, 200.640961000000, -2.047524000000], 
[21.657875000000, -300.000000000000, -134.103088000000], 
[22.807852000000, 180.904312000000, 150.000000000000], 
[-100.000000000000, -290.100800000000, 74.792595000000], 
[-100.000000000000, -36.301441000000, -10.817692000000], 
[100.000000000000, 95.545105000000, -135.425797000000], 
[-53.573559000000, -201.604568000000, -150.000000000000], 
[100.000000000000, -100.404007000000, -118.553848000000], 
[-100.000000000000, -233.392609000000, 114.842033000000], 
[100.000000000000, 289.595734000000, -2.562242000000], 
[100.000000000000, -264.374847000000, -88.922714000000], 
[92.869942000000, 300.000000000000, -27.966576000000], 
[-47.344807000000, -300.000000000000, -120.891594000000], 
[-70.620796000000, -21.286266000000, 150.000000000000], 
[100.000000000000, 146.016922000000, 109.803513000000], 
[-56.535591000000, 300.000000000000, -23.675426000000], 
[5.172755000000, 201.309387000000, -150.000000000000], 
[22.498777000000, 300.000000000000, -68.977539000000], 
[-10.969253000000, -300.000000000000, 102.327034000000], 
[-100.000000000000, 181.095993000000, -59.637688000000], 
[100.000000000000, 39.078739000000, -140.705048000000], 
[-50.927242000000, -42.756481000000, -150.000000000000], 
[25.101576000000, -300.000000000000, 95.201149000000], 
[75.439316000000, -133.686386000000, -150.000000000000], 
[13.522184000000, 263.727325000000, -150.000000000000], 
[21.517256000000, 75.392487000000, 150.000000000000], 
[-100.000000000000, 173.042328000000, -58.252277000000], 
[-100.000000000000, 238.142395000000, 27.723452000000], 
[-100.000000000000, 179.394089000000, -119.049164000000], 
[-38.085236000000, 121.987968000000, 150.000000000000], 
[100.000000000000, 242.696060000000, -144.541153000000], 
[-10.094758000000, -300.000000000000, 55.792202000000], 
[-36.552284000000, -293.824768000000, -150.000000000000], 
[-100.000000000000, 149.890717000000, 121.243073000000], 
[65.613304000000, 300.000000000000, 90.817696000000], 
[-60.445557000000, 300.000000000000, 14.261408000000], 
[81.465660000000, -200.015182000000, -150.000000000000], 
[100.000000000000, -50.706146000000, -0.056907000000], 
[14.874768000000, -300.000000000000, -5.226881000000], 
[100.000000000000, -177.947906000000, 82.917938000000], 
[100.000000000000, 212.744690000000, -114.724525000000], 
[27.162144000000, 270.402100000000, 150.000000000000], 
[100.000000000000, -271.087921000000, -97.939331000000], 
[-19.015865000000, 300.000000000000, -9.039567000000], 
[-21.083672000000, 300.000000000000, -120.933319000000], 
[15.631986000000, 300.000000000000, -133.395020000000], 
[100.000000000000, -42.706879000000, -33.788609000000], 
[-87.877419000000, 170.500198000000, 150.000000000000], 
[-100.000000000000, -72.254860000000, -124.168709000000], 
[44.170429000000, 300.000000000000, -96.884537000000], 
[56.804893000000, -110.277168000000, -150.000000000000], 
[100.000000000000, 95.430481000000, -44.934906000000], 
[-100.000000000000, -236.853943000000, -121.158157000000], 
[-100.000000000000, 63.025105000000, 136.455750000000], 
[-17.656427000000, -293.015686000000, 150.000000000000], 
[100.000000000000, -128.830582000000, 122.856262000000], 
[-100.000000000000, -13.953488000000, -150.000000000000], 
[100.000000000000, 82.221901000000, 30.978214000000], 
[100.000000000000, 151.765594000000, -144.122559000000], 
[100.000000000000, -16.546129000000, 10.529274000000], 
[95.005417000000, -186.417465000000, -150.000000000000], 
[100.000000000000, 32.823357000000, -69.194374000000], 
[30.676470000000, -101.248405000000, 150.000000000000], 
[100.000000000000, -289.557709000000, 25.843983000000], 
[-100.000000000000, 213.694855000000, -75.905144000000], 
[-0.000000000000, 300.000000000000, -21.235958000000], 
[-100.000000000000, 85.009575000000, 8.313862000000], 
[-32.679127000000, 160.287003000000, -150.000000000000], 
[100.000000000000, -254.834335000000, -81.279373000000], 
[52.195629000000, 300.000000000000, -68.960396000000], 
[100.000000000000, 202.073441000000, -37.570225000000], 
[-100.000000000000, 28.564224000000, -35.223297000000], 
[-100.000000000000, -30.635643000000, 0.052003000000], 
[100.000000000000, 120.565834000000, 74.359871000000], 
[-100.000000000000, -8.300998000000, -60.846565000000], 
[100.000000000000, 0.377167000000, -30.257963000000], 
[-100.000000000000, 162.566345000000, 144.405319000000], 
[-80.103889000000, 129.136368000000, -150.000000000000], 
[-53.556065000000, -239.333710000000, 150.000000000000], 
[-6.960171000000, 300.000000000000, 5.051702000000], 
[-34.741547000000, 118.093307000000, -150.000000000000], 
[-52.432781000000, -300.000000000000, 25.653685000000], 
[-100.000000000000, 188.372086000000, 150.000000000000], 
[100.000000000000, 35.353500000000, 118.092903000000], 
[30.163694000000, 274.603546000000, -150.000000000000], 
[-100.000000000000, 95.072517000000, -91.919464000000], 
[-100.000000000000, 213.611130000000, 101.933563000000], 
[-56.802071000000, 300.000000000000, 126.978645000000], 
[100.000000000000, 87.846313000000, 126.390968000000], 
[-100.000000000000, 114.771973000000, 30.554922000000], 
[100.000000000000, 104.833107000000, 59.523453000000], 
[-100.000000000000, -128.562912000000, 59.569214000000], 
[-100.000000000000, -24.358473000000, -11.689336000000], 
[100.000000000000, -168.147461000000, 97.013054000000], 
[-62.607731000000, -300.000000000000, 128.009674000000], 
[-100.000000000000, -59.953674000000, 145.967194000000], 
[-100.000000000000, -104.189941000000, -44.080425000000], 
[-100.000000000000, 234.073410000000, 117.006943000000], 
[-94.032722000000, 42.764084000000, -150.000000000000], 
[-100.000000000000, -5.948907000000, 6.767510000000], 
[-100.000000000000, 197.513214000000, 102.256317000000], 
[16.173281000000, -276.529968000000, 150.000000000000], 
[100.000000000000, 130.497543000000, -95.225548000000], 
[-87.133171000000, -300.000000000000, 51.411404000000], 
[-100.000000000000, 61.214741000000, -80.420311000000], 
[-100.000000000000, -15.331021000000, 107.436996000000], 
[100.000000000000, 5.920588000000, 11.064582000000], 
[-27.836571000000, 255.423065000000, 150.000000000000], 
[71.134056000000, 15.589649000000, 150.000000000000], 
[36.040878000000, 41.269871000000, 150.000000000000], 
[38.425343000000, 300.000000000000, -40.537743000000], 
[-38.302685000000, 23.407051000000, -150.000000000000], 
[81.820503000000, 300.000000000000, -6.045307000000], 
[8.018698000000, -74.711617000000, -150.000000000000], 
[-67.413803000000, 221.865112000000, 150.000000000000], 
[-100.000000000000, -0.160482000000, 8.523320000000], 
[-1.265690000000, -222.442230000000, 150.000000000000], 
[-100.000000000000, -205.565170000000, 19.204618000000], 
[100.000000000000, -46.491379000000, -38.441902000000], 
[-93.533752000000, 114.430305000000, 150.000000000000], 
[100.000000000000, -88.019592000000, 29.751722000000], 
[-100.000000000000, -39.267181000000, -73.025414000000], 
[11.792530000000, -300.000000000000, 125.484261000000], 
[100.000000000000, -155.349762000000, 55.486641000000], 
[-54.887398000000, 300.000000000000, 119.247643000000], 
[100.000000000000, 7.812813000000, -9.847924000000], 
[100.000000000000, -67.488464000000, -45.958824000000], 
[100.000000000000, -62.768661000000, -2.262360000000], 
[-71.942673000000, 148.011307000000, -150.000000000000], 
[-100.000000000000, -265.639557000000, -109.560806000000], 
[5.265980000000, 300.000000000000, -102.970741000000], 
[-78.177597000000, -263.032593000000, 150.000000000000], 
[94.930420000000, 169.775223000000, 150.000000000000], 
[-52.171909000000, -263.475922000000, 150.000000000000], 
[-100.000000000000, 18.189274000000, 131.262909000000], 
[-8.938756000000, -241.672363000000, -150.000000000000], 
[-100.000000000000, 293.540619000000, 97.402077000000], 
[-100.000000000000, -175.748199000000, -27.191105000000], 
[-30.004286000000, 19.934832000000, 150.000000000000], 
[-100.000000000000, 294.759521000000, -76.275055000000], 
[100.000000000000, 75.625153000000, -58.578850000000], 
[100.000000000000, -222.813461000000, -116.778725000000], 
[100.000000000000, -218.906998000000, -84.810936000000], 
[-100.000000000000, 25.156557000000, -2.626967000000], 
[-10.989043000000, 38.385395000000, -150.000000000000], 
[15.961079000000, 89.314980000000, -150.000000000000], 
[100.000000000000, 256.454742000000, -19.675262000000], 
[-100.000000000000, 167.980499000000, -140.618225000000], 
[100.000000000000, 131.964279000000, -142.522827000000], 
[100.000000000000, 237.209305000000, -150.000000000000], 
[-86.997940000000, 300.000000000000, -133.102982000000], 
[-31.068611000000, 300.000000000000, 77.777878000000], 
[-100.000000000000, 116.965523000000, -105.322754000000], 
[-72.664604000000, 262.832520000000, -150.000000000000], 
[-100.000000000000, 225.458603000000, -38.470947000000], 
[100.000000000000, 181.097839000000, -59.541798000000], 
[-21.527718000000, -300.000000000000, 120.240051000000], 
[48.145775000000, -208.762619000000, -150.000000000000], 
[-100.000000000000, -184.642410000000, 66.665085000000], 
[100.000000000000, -75.387627000000, -26.437119000000], 
[-100.000000000000, 259.407990000000, 78.359474000000], 
[-100.000000000000, 40.992538000000, -106.513496000000], 
[100.000000000000, 132.310654000000, -41.705055000000], 
[1.427622000000, -300.000000000000, 117.610031000000], 
[-33.115582000000, 142.793045000000, 150.000000000000], 
[-23.839050000000, 242.754486000000, 150.000000000000], 
[-100.000000000000, -18.063540000000, -55.095509000000], 
[-56.197868000000, -300.000000000000, -84.393982000000], 
[86.636826000000, -0.435019000000, 150.000000000000], 
[100.000000000000, 270.292480000000, -121.594986000000], 
[100.000000000000, -44.344963000000, -50.605511000000], 
[-12.247640000000, -300.000000000000, 140.927338000000], 
[100.000000000000, 81.938507000000, 43.849045000000], 
[100.000000000000, 81.872124000000, 142.984207000000], 
[100.000000000000, 66.942230000000, -62.185188000000], 
[-3.432404000000, 180.247238000000, -150.000000000000], 
[100.000000000000, -47.271656000000, 134.364914000000], 
[22.384287000000, -171.745270000000, -150.000000000000], 
[17.050863000000, -300.000000000000, 0.331562000000], 
[90.632965000000, -85.916397000000, 150.000000000000], 
[15.061599000000, -187.766479000000, 150.000000000000], 
[-3.995985000000, 300.000000000000, 79.775101000000], 
[48.188854000000, 300.000000000000, -28.746426000000], 
[-100.000000000000, 113.915291000000, 135.469727000000], 
[100.000000000000, 214.613937000000, 79.389534000000], 
[100.000000000000, 253.525589000000, -103.906891000000], 
[-100.000000000000, 66.185829000000, 29.350613000000], 
[100.000000000000, -27.676500000000, -5.765159000000], 
[32.483116000000, 146.684448000000, -150.000000000000], 
[94.079163000000, -260.736786000000, -150.000000000000], 
[-100.000000000000, -70.494263000000, 33.914345000000], 
[20.522598000000, 300.000000000000, -128.726196000000], 
[-100.000000000000, 50.088226000000, 119.361588000000], 
[4.070676000000, 300.000000000000, 54.748863000000], 
[100.000000000000, 184.925293000000, -29.287102000000], 
[-86.003014000000, 210.273209000000, -150.000000000000], 
[-36.419750000000, 288.299561000000, -150.000000000000], 
[100.000000000000, 185.586594000000, -118.455467000000], 
[100.000000000000, 128.326324000000, 88.731339000000], 
[-100.000000000000, 184.248169000000, -144.556671000000], 
[62.171192000000, 300.000000000000, -10.662616000000], 
[30.404419000000, 166.349777000000, 150.000000000000], 
[2.874303000000, 170.161667000000, -150.000000000000], 
[8.399890000000, -62.960949000000, -150.000000000000], 
[-100.000000000000, -141.044678000000, -8.400534000000], 
[100.000000000000, 142.266907000000, -10.145108000000], 
[-92.116982000000, -185.824188000000, 150.000000000000], 
[81.599937000000, 273.456848000000, 150.000000000000], 
[100.000000000000, 19.790785000000, 5.292774000000], 
[-79.974930000000, -54.675640000000, -150.000000000000], 
[-100.000000000000, 250.751938000000, 35.086658000000], 
[100.000000000000, 68.435120000000, 102.754906000000], 
[100.000000000000, -127.063721000000, 32.913101000000], 
[100.000000000000, 152.310242000000, -16.987284000000], 
[-21.259691000000, 277.108765000000, -150.000000000000], 
[28.772850000000, 246.180008000000, -150.000000000000], 
[100.000000000000, 278.465363000000, -102.097542000000], 
[93.639954000000, 59.145332000000, 150.000000000000], 
[-41.466179000000, 213.579208000000, 150.000000000000], 
[-30.185822000000, -167.544785000000, 150.000000000000], 
[100.000000000000, -294.739227000000, 124.416359000000], 
[92.940285000000, 300.000000000000, 19.025612000000], 
[-48.907871000000, -82.312920000000, -150.000000000000], 
[-100.000000000000, -68.787178000000, 111.946800000000], 
[-43.352280000000, -49.653141000000, -150.000000000000], 
[45.089943000000, -142.811462000000, -150.000000000000], 
[77.762589000000, 57.843208000000, 150.000000000000], 
[15.102285000000, -300.000000000000, 83.327736000000], 
[-100.000000000000, -180.955765000000, 25.319269000000], 
[100.000000000000, -150.998642000000, -59.738174000000], 
[-39.524269000000, -44.119961000000, 150.000000000000], 
[-100.000000000000, -123.352768000000, -36.796638000000], 
[-100.000000000000, -124.104645000000, -117.687531000000], 
[18.712856000000, 300.000000000000, -93.830185000000], 
[86.226173000000, -300.000000000000, -61.130539000000], 
[-80.182510000000, 193.625107000000, 150.000000000000], 
[-8.759611000000, -300.000000000000, -98.438042000000], 
[100.000000000000, -57.725052000000, -128.511139000000], 
[100.000000000000, 2.256517000000, -118.075966000000], 
[44.573338000000, 45.372864000000, -150.000000000000], 
[57.559444000000, -300.000000000000, -67.412704000000], 
[-73.673019000000, 289.103302000000, -150.000000000000], 
[-51.724136000000, -300.000000000000, 150.000000000000], 
[100.000000000000, -188.774948000000, -129.145966000000], 
[100.000000000000, 51.259541000000, -144.871994000000], 
[94.294342000000, -107.549667000000, 150.000000000000], 
[-62.888100000000, -284.600128000000, -150.000000000000], 
[100.000000000000, 261.195953000000, 83.419846000000], 
[-43.948250000000, 300.000000000000, 75.955856000000], 
[-71.102226000000, -87.069283000000, -150.000000000000], 
[100.000000000000, 157.986664000000, -14.077391000000], 
[78.230675000000, 236.148773000000, 150.000000000000], 
[-76.061081000000, 216.072937000000, -150.000000000000], 
[-74.168854000000, 300.000000000000, 14.167944000000], 
[73.750938000000, -64.877174000000, -150.000000000000], 
[-68.315804000000, 21.870909000000, 150.000000000000], 
[-1.483710000000, 300.000000000000, 7.303851000000], 
[-40.177292000000, -187.912216000000, 150.000000000000], 
[-100.000000000000, -156.195297000000, -75.763397000000], 
[100.000000000000, 27.906977000000, 150.000000000000], 
[-100.000000000000, -277.332855000000, 67.233261000000], 
[-46.355709000000, 300.000000000000, -92.128479000000], 
[-8.923188000000, 131.493118000000, -150.000000000000], 
[-66.625084000000, -251.705002000000, -150.000000000000], 
[-15.033575000000, -133.495773000000, 150.000000000000], 
[-25.979677000000, 274.672485000000, -150.000000000000], 
[-61.447327000000, -300.000000000000, -72.983971000000], 
[-100.000000000000, -300.000000000000, 52.325581000000], 
[100.000000000000, 226.982910000000, 100.948036000000], 
[100.000000000000, 60.324951000000, -126.197365000000], 
[-100.000000000000, 79.101860000000, 102.187180000000], 
[-79.681870000000, 61.167480000000, -150.000000000000], 
[56.617241000000, 5.220288000000, -150.000000000000], 
[60.039639000000, -256.270691000000, 150.000000000000], 
[27.178404000000, -168.201447000000, -150.000000000000], 
[-100.000000000000, 300.000000000000, -31.395350000000], 
[100.000000000000, 230.747375000000, -86.159523000000], 
[-75.323006000000, 34.233696000000, -150.000000000000], 
[-85.231880000000, -277.869293000000, 150.000000000000], 
[-100.000000000000, -282.092194000000, -4.293321000000], 
[-17.646803000000, -300.000000000000, -15.819789000000], 
[100.000000000000, 56.253105000000, -5.394586000000], 
[-100.000000000000, 300.000000000000, 80.232559000000], 
[-15.069858000000, -276.093964000000, -150.000000000000], 
[-100.000000000000, -174.473816000000, 77.390076000000], 
[80.119286000000, 300.000000000000, 130.176727000000], 
[35.765785000000, 300.000000000000, 81.677391000000], 
[70.810516000000, -7.817250000000, -150.000000000000], 
[17.956936000000, 292.000122000000, -150.000000000000], 
[24.262039000000, 300.000000000000, 52.590561000000], 
[100.000000000000, 131.791733000000, 106.292526000000], 
[100.000000000000, 39.476109000000, -94.812378000000], 
[-100.000000000000, -192.727722000000, 87.483124000000], 
[100.000000000000, -11.279303000000, -121.411087000000], 
[-21.365206000000, 141.864685000000, 150.000000000000], 
[-46.093060000000, 300.000000000000, 7.225277000000], 
[-52.284626000000, -281.464874000000, -150.000000000000], 
[100.000000000000, -178.363159000000, -4.802727000000], 
[21.160997000000, 153.809723000000, -150.000000000000], 
[-7.046577000000, -300.000000000000, -105.875923000000], 
[100.000000000000, 202.382416000000, -101.539436000000], 
[22.408932000000, -300.000000000000, 49.395966000000], 
[-38.949734000000, 300.000000000000, 33.158421000000], 
[100.000000000000, 227.292252000000, 62.631680000000], 
[100.000000000000, -204.135544000000, -136.332458000000], 
[-23.877510000000, -190.008942000000, 150.000000000000], 
[100.000000000000, 202.325577000000, -150.000000000000], 
[58.373878000000, 288.473450000000, 150.000000000000], 
[13.359231000000, -89.528275000000, -150.000000000000], 
[-59.376389000000, 93.703674000000, -150.000000000000], 
[100.000000000000, 202.896698000000, 82.976593000000], 
[-100.000000000000, 244.949234000000, -104.251701000000], 
[100.000000000000, -105.126938000000, -53.703976000000], 
[100.000000000000, -147.118759000000, -20.848234000000], 
[-100.000000000000, 266.686920000000, -59.256542000000], 
[10.758575000000, 300.000000000000, 73.689537000000], 
[100.000000000000, -116.210945000000, 48.062153000000], 
[-65.194550000000, 300.000000000000, 115.092941000000], 
[-17.887482000000, 101.152046000000, 150.000000000000], 
[-53.290211000000, -300.000000000000, 138.547455000000], 
[85.352295000000, -267.017700000000, -150.000000000000], 
[-100.000000000000, -202.617310000000, -82.670937000000], 
[100.000000000000, 5.785349000000, 85.570076000000], 
[-12.699330000000, 300.000000000000, -18.725996000000], 
[6.123717000000, -120.572914000000, -150.000000000000], 
[-100.000000000000, -184.931351000000, 39.312157000000], 
[-100.000000000000, 70.844604000000, 136.170349000000], 
[-100.000000000000, 233.185043000000, -139.128525000000], 
[100.000000000000, 124.561867000000, -16.847513000000], 
[100.000000000000, 55.944073000000, 83.300293000000], 
[-100.000000000000, 53.679817000000, 46.338829000000], 
[59.608795000000, -265.467560000000, 150.000000000000], 
[-100.000000000000, 147.411072000000, 114.792305000000], 
[-100.000000000000, -49.641285000000, 82.787415000000], 
[-100.000000000000, 249.159531000000, -143.724594000000], 
[100.000000000000, -99.570526000000, 83.984047000000], 
[-100.000000000000, -289.557709000000, 25.843983000000], 
[86.017746000000, 145.807266000000, -150.000000000000], 
[-53.016499000000, -179.669510000000, 150.000000000000], 
[100.000000000000, 222.546204000000, 63.168800000000], 
[-100.000000000000, -18.551817000000, 30.379978000000], 
[100.000000000000, -236.665085000000, 18.520670000000], 
[100.000000000000, 63.544346000000, -66.129013000000], 
[-26.751335000000, -127.394569000000, -150.000000000000], 
[-100.000000000000, -272.954315000000, -53.394463000000], 
[-100.000000000000, 151.181168000000, 50.663506000000], 
[68.984062000000, 157.237518000000, 150.000000000000], 
[-36.419750000000, 300.000000000000, -138.299561000000], 
[100.000000000000, -235.741684000000, -8.614119000000], 
[100.000000000000, -115.631241000000, 72.839661000000], 
[-100.000000000000, 286.471649000000, 87.121178000000], 
[21.929293000000, -187.405365000000, 150.000000000000], 
[11.952087000000, -131.817612000000, 150.000000000000], 
[-100.000000000000, -167.576767000000, 141.896652000000], 
[100.000000000000, -194.556305000000, 12.024312000000], 
[47.757938000000, -260.170288000000, -150.000000000000], 
[-0.224352000000, -300.000000000000, -68.073174000000], 
[-75.864601000000, -50.903301000000, -150.000000000000], 
[-68.223045000000, -300.000000000000, 59.429295000000], 
[-100.000000000000, 67.139809000000, -94.700722000000], 
[-74.902626000000, -226.912033000000, -150.000000000000], 
[-100.000000000000, 294.561859000000, 70.269180000000], 
[100.000000000000, 23.795906000000, -138.207413000000], 
[-46.634556000000, -300.000000000000, 135.182037000000], 
[67.163902000000, -184.478516000000, 150.000000000000], 
[100.000000000000, -132.192001000000, -53.898190000000], 
[-36.116947000000, -36.098164000000, -150.000000000000], 
[-100.000000000000, -52.325581000000, -146.451660000000], 
[52.994217000000, -39.905411000000, 150.000000000000], 
[53.359325000000, 288.379089000000, -150.000000000000], 
[100.000000000000, 8.442144000000, -69.100899000000], 
[17.117569000000, 23.335728000000, -150.000000000000], 
[100.000000000000, 72.141479000000, 69.819664000000], 
[-28.392292000000, 249.654343000000, 150.000000000000], 
[-100.000000000000, 220.648651000000, 102.990273000000], 
[3.747115000000, -225.960968000000, 150.000000000000], 
[100.000000000000, 28.414484000000, 47.131287000000], 
[-70.603539000000, -238.881775000000, 150.000000000000], 
[100.000000000000, -241.159821000000, -122.520546000000], 
[-55.211357000000, 71.192055000000, -150.000000000000], 
[-30.060598000000, -176.965256000000, -150.000000000000], 
[-100.000000000000, -275.410004000000, -145.004837000000], 
[-69.476837000000, -54.227314000000, 150.000000000000], 
[100.000000000000, -161.355362000000, -77.839310000000], 
[-100.000000000000, 143.376831000000, -121.762276000000], 
[100.000000000000, 20.930233000000, -150.000000000000], 
[74.955719000000, 275.138580000000, 150.000000000000], 
[61.403557000000, -300.000000000000, 52.442871000000], 
[-100.000000000000, 9.384278000000, -7.879994000000], 
[44.382580000000, -128.258774000000, -150.000000000000], 
[-100.000000000000, 257.444916000000, 109.428360000000], 
[-100.000000000000, 19.736738000000, -103.883476000000], 
[-100.000000000000, 178.248566000000, 82.555290000000], 
[-100.000000000000, -94.121445000000, 145.178574000000], 
[100.000000000000, 53.913589000000, 9.020491000000], 
[-100.000000000000, 290.884369000000, -89.303314000000], 
[100.000000000000, -100.258362000000, -39.952332000000], 
[-54.550579000000, -58.186234000000, -150.000000000000], 
[100.000000000000, 133.340408000000, -103.808884000000], 
[-100.000000000000, 153.174210000000, -1.715549000000], 
[29.372711000000, 52.007507000000, -150.000000000000], 
[-65.072670000000, -64.332626000000, -150.000000000000], 
[-100.000000000000, 94.481949000000, -98.336906000000], 
[100.000000000000, 246.076736000000, -120.714905000000], 
[-100.000000000000, -116.755157000000, -76.685265000000], 
[-100.000000000000, 51.902485000000, 51.288319000000], 
[100.000000000000, -239.699829000000, -85.398239000000], 
[-100.000000000000, -70.873840000000, 101.384598000000], 
[-17.700724000000, -78.659233000000, -150.000000000000], 
[100.000000000000, -59.027012000000, -56.642296000000], 
[-100.000000000000, 66.317635000000, 146.077133000000], 
[-81.867844000000, -229.393372000000, -150.000000000000], 
[-100.000000000000, -285.910583000000, 133.119980000000], 
[-100.000000000000, -63.419708000000, 24.963846000000], 
[81.333893000000, 191.431183000000, -150.000000000000], 
[32.467773000000, -300.000000000000, 15.109895000000], 
[-48.791218000000, 145.199387000000, 150.000000000000], 
[100.000000000000, -251.143677000000, -67.519493000000], 
[1.362389000000, 175.115524000000, -150.000000000000], 
[72.482155000000, 300.000000000000, 131.547043000000], 
[-43.990536000000, -154.058060000000, -150.000000000000], 
[-100.000000000000, -59.122948000000, -78.657768000000], 
[-100.000000000000, -251.939133000000, 130.316437000000], 
[88.433540000000, -300.000000000000, -122.274673000000], 
[-100.000000000000, -37.993343000000, -81.426025000000], 
[-83.752472000000, 83.516388000000, -150.000000000000], 
[-58.766407000000, -53.935593000000, -150.000000000000], 
[-62.290249000000, 292.611145000000, 150.000000000000], 
[100.000000000000, -116.514793000000, -9.958194000000], 
[11.101959000000, 300.000000000000, -123.667686000000], 
[100.000000000000, -106.397537000000, 136.225906000000], 
[100.000000000000, 71.223778000000, 63.470570000000], 
[-43.019272000000, -130.340881000000, 150.000000000000], 
[-72.583923000000, 300.000000000000, 113.285248000000], 
[-79.362099000000, 183.495407000000, -150.000000000000], 
[40.416496000000, -81.685211000000, 150.000000000000], 
[100.000000000000, 22.367851000000, -99.293945000000], 
[100.000000000000, 47.247650000000, 18.105934000000], 
[-100.000000000000, 156.444000000000, -30.277025000000], 
[-80.720200000000, 291.492889000000, 150.000000000000], 
[100.000000000000, 209.166077000000, 132.685516000000], 
[-14.172193000000, -270.151733000000, -150.000000000000], 
[-31.435152000000, -182.397400000000, 150.000000000000], 
[100.000000000000, 271.208313000000, 87.167473000000], 
[100.000000000000, -112.941055000000, -112.776688000000], 
[100.000000000000, -135.737595000000, -115.906433000000], 
[-100.000000000000, 180.094223000000, 20.252115000000], 
[-100.000000000000, 174.517624000000, -13.862607000000], 
[-100.000000000000, -283.132507000000, 16.554035000000], 
[100.000000000000, 275.602722000000, 140.420624000000], 
[-42.969776000000, -68.616982000000, -150.000000000000], 
[100.000000000000, -250.951279000000, 1.355639000000], 
[100.000000000000, 55.591606000000, 91.032082000000], 
[-100.000000000000, 212.517136000000, -70.108658000000], 
[37.078564000000, 251.275848000000, 150.000000000000], 
[-93.757858000000, 300.000000000000, -70.064598000000], 
[-74.383904000000, -91.487854000000, -150.000000000000], 
[100.000000000000, -160.093048000000, 139.131958000000], 
[-76.867561000000, -175.150986000000, 150.000000000000], 
[100.000000000000, -188.884262000000, 100.445038000000], 
[-93.729767000000, -23.944510000000, -150.000000000000], 
[-23.887722000000, -75.886642000000, -150.000000000000], 
[-94.390434000000, -32.249001000000, 150.000000000000], 
[-100.000000000000, -268.285126000000, 54.275387000000], 
[-81.750443000000, 300.000000000000, -65.418945000000], 
[63.592407000000, 300.000000000000, -43.903648000000], 
[-40.018597000000, -45.257122000000, -150.000000000000], 
[100.000000000000, 228.981567000000, -128.212723000000], 
[-100.000000000000, -143.169128000000, 51.236980000000], 
[-100.000000000000, -173.066025000000, -86.344154000000], 
[-85.434303000000, 277.875641000000, -150.000000000000], 
[-63.315498000000, 211.745529000000, -150.000000000000], 
[-100.000000000000, 24.476179000000, -46.048698000000], 
[-100.000000000000, 163.944244000000, -30.143932000000], 
[-51.332748000000, 176.272156000000, -150.000000000000], 
[-35.370750000000, -180.856873000000, -150.000000000000], 
[100.000000000000, -12.496508000000, 89.302628000000], 
[-100.000000000000, 139.400146000000, 107.838676000000], 
[-100.000000000000, 41.040001000000, 31.612057000000], 
[-100.000000000000, 280.001678000000, -116.909126000000], 
[-94.325745000000, 300.000000000000, -84.126465000000], 
[-50.916546000000, -142.726151000000, -150.000000000000], 
[100.000000000000, -150.620056000000, -77.374092000000], 
[27.616476000000, 300.000000000000, 46.247639000000], 
[100.000000000000, 87.565285000000, -91.196060000000], 
[100.000000000000, 75.937721000000, -74.532944000000], 
[25.540218000000, -300.000000000000, -40.654057000000], 
[-100.000000000000, -117.267365000000, -134.193802000000], 
[71.920258000000, 3.745951000000, -150.000000000000], 
[-82.217339000000, 212.980576000000, 150.000000000000], 
[53.359325000000, -300.000000000000, -138.379089000000], 
[-100.000000000000, -96.181435000000, -7.842239000000], 
[-5.597215000000, 300.000000000000, -92.686462000000], 
[100.000000000000, 253.163452000000, 129.890411000000], 
[-69.728004000000, -117.335724000000, -150.000000000000], 
[100.000000000000, 22.438848000000, 49.276505000000], 
[-100.000000000000, 139.188477000000, 115.284653000000], 
[-82.531219000000, -300.000000000000, -79.937630000000], 
[17.437157000000, -46.552170000000, -150.000000000000], 
[-100.000000000000, -128.037292000000, 79.710869000000], 
[-100.000000000000, -105.313721000000, -38.757149000000], 
[100.000000000000, -88.906990000000, -23.761131000000], 
[-56.250759000000, -300.000000000000, -97.123100000000], 
[19.286047000000, 176.737625000000, 150.000000000000], 
[-61.227589000000, 247.773865000000, 150.000000000000], 
[-100.000000000000, 134.538666000000, -128.739792000000], 
[100.000000000000, 31.701597000000, 74.856293000000], 
[-100.000000000000, 247.471924000000, 77.510712000000], 
[100.000000000000, -19.851271000000, 137.497086000000], 
[15.279412000000, -300.000000000000, 95.527794000000], 
[100.000000000000, -106.708527000000, 112.901398000000], 
[78.910164000000, -49.470242000000, 150.000000000000], 
[-100.000000000000, 100.237396000000, 55.204124000000], 
[100.000000000000, -57.648819000000, 57.973705000000], 
[100.000000000000, -199.319275000000, -41.358665000000], 
[100.000000000000, 160.291916000000, -131.418045000000], 
[-90.182198000000, -75.190575000000, -150.000000000000], 
[-69.323860000000, -37.664669000000, 150.000000000000], 
[-27.490543000000, -300.000000000000, -11.174113000000], 
[100.000000000000, -273.542603000000, 76.758110000000], 
[72.429794000000, 281.439117000000, -150.000000000000], 
[-100.000000000000, -272.100891000000, -139.810760000000], 
[-72.304344000000, 300.000000000000, 106.082710000000], 
[100.000000000000, 12.858500000000, 85.243431000000], 
[-3.182958000000, -110.968140000000, -150.000000000000], 
[-100.000000000000, 104.589165000000, 96.813431000000], 
[-100.000000000000, -82.248024000000, -98.450668000000], 
[100.000000000000, -184.642410000000, 66.665085000000], 
[100.000000000000, -143.169128000000, 51.236980000000], 
[-100.000000000000, -73.831039000000, 61.141750000000], 
[-82.838631000000, 300.000000000000, -118.067810000000], 
[100.000000000000, -40.647533000000, -119.884247000000], 
[100.000000000000, -161.639893000000, -66.275146000000], 
[100.000000000000, 190.469788000000, -145.076279000000], 
[-93.654297000000, -300.000000000000, -13.588986000000], 
[18.569529000000, 141.641769000000, 150.000000000000], 
[-100.000000000000, 111.436081000000, 139.816833000000], 
[-100.000000000000, 205.097275000000, 26.307058000000], 
[100.000000000000, -16.578493000000, 71.570999000000], 
[100.000000000000, 195.759277000000, -32.688782000000], 
[100.000000000000, -182.623032000000, 72.204178000000], 
[-100.000000000000, -252.749496000000, -10.185059000000], 
[-83.649063000000, 80.139343000000, 150.000000000000], 
[-75.354340000000, -210.716324000000, -150.000000000000], 
[-100.000000000000, 79.953430000000, -138.854660000000], 
[-54.616283000000, 200.913361000000, 150.000000000000], 
[-42.302929000000, 190.497574000000, 150.000000000000], 
[-53.873455000000, 300.000000000000, 37.827278000000], 
[-100.000000000000, -211.456573000000, -17.316156000000], 
[-100.000000000000, -5.515300000000, -86.775078000000], 
[100.000000000000, -64.102119000000, 34.969429000000], 
[-100.000000000000, -241.059769000000, 144.327393000000], 
[20.249769000000, -187.422684000000, -150.000000000000], 
[-70.331436000000, -169.141235000000, -150.000000000000], 
[20.703918000000, -149.751556000000, -150.000000000000], 
[37.602859000000, 17.331528000000, -150.000000000000], 
[100.000000000000, -145.967178000000, -127.607292000000], 
[100.000000000000, 181.969101000000, 19.544666000000], 
[100.000000000000, -100.218384000000, -133.728851000000], 
[-100.000000000000, -232.233078000000, 62.801186000000], 
[88.647209000000, 288.978333000000, 150.000000000000], 
[-41.850655000000, -300.000000000000, -40.679825000000], 
[-100.000000000000, -214.046371000000, -11.901748000000], 
[100.000000000000, -250.084412000000, -15.254126000000], 
[22.801519000000, 300.000000000000, -89.245461000000], 
[-100.000000000000, 185.850632000000, -79.130913000000], 
[-100.000000000000, 149.633896000000, 34.350380000000], 
[-100.000000000000, 5.743047000000, -106.929184000000], 
[-100.000000000000, -21.288769000000, 24.515783000000], 
[86.997940000000, 300.000000000000, -133.102982000000], 
[42.786167000000, -187.804108000000, 150.000000000000], 
[-100.000000000000, 97.967072000000, -1.687759000000], 
[-100.000000000000, -183.251144000000, 82.419197000000], 
[100.000000000000, 104.651161000000, -150.000000000000], 
[100.000000000000, 223.097412000000, -45.408531000000], 
[100.000000000000, -239.173798000000, -30.672878000000], 
[100.000000000000, -14.521514000000, -27.009321000000], 
[-18.949696000000, -216.344986000000, 150.000000000000], 
[-24.249344000000, -300.000000000000, 10.211118000000], 
[-100.000000000000, 52.747253000000, 131.540344000000], 
[-100.000000000000, -275.066223000000, 4.205866000000], 
[-55.443993000000, -300.000000000000, 111.201759000000], 
[-100.000000000000, -28.114069000000, -123.664703000000], 
[-54.278133000000, -112.047920000000, 150.000000000000], 
[-7.046577000000, 300.000000000000, -105.875923000000], 
[-61.026287000000, 138.065948000000, -150.000000000000], 
[-26.175924000000, 133.589432000000, -150.000000000000], 
[-100.000000000000, 271.005096000000, -74.257637000000], 
[54.887398000000, 300.000000000000, 119.247643000000], 
[-15.342371000000, 287.000305000000, 150.000000000000], 
[-100.000000000000, -9.093931000000, -17.498907000000], 
[-0.275771000000, 69.675293000000, 150.000000000000], 
[76.950790000000, 300.000000000000, 25.392237000000], 
[-31.139406000000, -154.725113000000, -150.000000000000], 
[100.000000000000, 142.346909000000, 142.986237000000], 
[-100.000000000000, -296.508026000000, -146.508011000000], 
[100.000000000000, -194.851837000000, -121.939865000000], 
[100.000000000000, -204.517563000000, 9.181007000000], 
[100.000000000000, -30.450371000000, -49.906357000000], 
[17.498066000000, 85.416557000000, 150.000000000000], 
[100.000000000000, -172.712219000000, -40.985447000000], 
[100.000000000000, -227.455032000000, -69.418198000000], 
[100.000000000000, 132.817566000000, -21.560844000000], 
[100.000000000000, -227.828110000000, 20.818130000000], 
[-67.782967000000, 300.000000000000, -124.939079000000], 
[-85.929535000000, 111.815552000000, 150.000000000000], 
[60.232433000000, 300.000000000000, -48.842815000000], 
[-93.936707000000, -300.000000000000, 118.303734000000], 
[100.000000000000, -174.418610000000, -150.000000000000], 
[100.000000000000, 86.865417000000, 89.510620000000], 
[-100.000000000000, 45.286266000000, 65.740929000000], 
[76.734398000000, -300.000000000000, 45.704903000000], 
[100.000000000000, -300.000000000000, -101.162788000000], 
[74.641937000000, -169.937729000000, 150.000000000000], 
[100.000000000000, -52.729797000000, 84.010284000000], 
[100.000000000000, -72.689163000000, -94.901772000000], 
[100.000000000000, 85.576530000000, 8.253518000000], 
[-100.000000000000, -153.488373000000, 150.000000000000], 
[-100.000000000000, 43.290897000000, -130.758652000000], 
[-18.777643000000, -108.371834000000, -150.000000000000], 
[100.000000000000, -194.221497000000, 135.589325000000], 
[80.660690000000, -300.000000000000, -98.333221000000], 
[-53.290211000000, 300.000000000000, 138.547455000000], 
[-4.054220000000, -202.010742000000, -150.000000000000], 
[100.000000000000, 88.021759000000, 31.591179000000], 
[100.000000000000, 93.736702000000, -68.129272000000], 
[-40.089386000000, -300.000000000000, -134.197571000000], 
[12.912204000000, 300.000000000000, 144.649948000000], 
[100.000000000000, -200.351303000000, 14.315334000000], 
[100.000000000000, 191.581863000000, 78.428162000000], 
[56.251900000000, 154.296005000000, -150.000000000000], 
[-100.000000000000, -225.820282000000, -34.402973000000], 
[79.602730000000, -300.000000000000, -29.382332000000], 
[-100.000000000000, 84.182343000000, 109.193573000000], 
[-61.645832000000, 4.090647000000, -150.000000000000], 
[-100.000000000000, 13.485945000000, 66.872017000000], 
[91.567818000000, -112.927574000000, -150.000000000000], 
[100.000000000000, 289.575378000000, 10.278193000000], 
[-100.000000000000, -216.279068000000, 150.000000000000], 
[100.000000000000, -140.170822000000, -61.473415000000], 
[15.917584000000, -105.582977000000, -150.000000000000], 
[58.682266000000, -300.000000000000, 61.707520000000], 
[3.205306000000, -91.670578000000, -150.000000000000], 
[100.000000000000, 166.158157000000, 140.440918000000], 
[-21.454187000000, 248.826706000000, -150.000000000000], 
[67.467941000000, -300.000000000000, 96.263824000000], 
[-77.091614000000, 258.977844000000, -150.000000000000], 
[100.000000000000, 60.853851000000, -60.316029000000], 
[100.000000000000, -158.969376000000, 25.536617000000], 
[-100.000000000000, 188.372086000000, -150.000000000000], 
[-37.421848000000, -104.722862000000, 150.000000000000], 
[32.600906000000, 300.000000000000, 60.804684000000], 
[-100.000000000000, -88.437447000000, 128.274323000000], 
[-60.124447000000, -32.749859000000, 150.000000000000], 
[50.914680000000, 117.925636000000, -150.000000000000], 
[40.478001000000, -300.000000000000, -78.770111000000], 
[100.000000000000, 50.040646000000, 85.598534000000], 
[-76.143501000000, -241.913025000000, 150.000000000000], 
[-100.000000000000, 158.387924000000, -88.032173000000], 
[100.000000000000, 68.230820000000, -52.571808000000], 
[-52.926765000000, -300.000000000000, 12.713978000000], 
[-19.676674000000, -165.251526000000, -150.000000000000], 
[-85.477676000000, -142.879257000000, 150.000000000000], 
[-21.083672000000, -270.933319000000, -150.000000000000], 
[100.000000000000, 286.081482000000, -103.892242000000], 
[100.000000000000, -64.926140000000, 81.621246000000], 
[-72.324341000000, -263.091736000000, -150.000000000000], 
[-52.455536000000, -16.537535000000, 150.000000000000], 
[27.262365000000, -300.000000000000, -13.701187000000], 
[-100.000000000000, -79.481316000000, 50.694286000000], 
[-10.091326000000, -194.673813000000, -150.000000000000], 
[45.833252000000, -300.000000000000, 5.950173000000], 
[33.301449000000, -300.000000000000, 131.458435000000], 
[100.000000000000, -191.887466000000, -48.721397000000], 
[26.643604000000, 32.542530000000, 150.000000000000], 
[92.740044000000, 61.366386000000, -150.000000000000], 
[-100.000000000000, 275.280212000000, 91.595978000000], 
[100.000000000000, 135.148407000000, 76.031097000000], 
[100.000000000000, -66.975784000000, -106.073112000000], 
[-44.471748000000, 45.075039000000, -150.000000000000], 
[100.000000000000, -149.520187000000, -65.399399000000], 
[100.000000000000, 8.471894000000, 68.803123000000], 
[100.000000000000, 76.642273000000, -39.193417000000], 
[-58.304005000000, 288.581848000000, -150.000000000000], 
[100.000000000000, 24.550051000000, 132.820206000000], 
[100.000000000000, 223.255814000000, 150.000000000000], 
[-7.433995000000, -254.928619000000, 150.000000000000], 
[87.743591000000, -120.091545000000, 150.000000000000], 
[-41.840984000000, -300.000000000000, 17.740755000000], 
[100.000000000000, -247.120621000000, 30.567793000000], 
[14.029980000000, 99.269218000000, 150.000000000000], 
[-62.571930000000, 271.387207000000, -150.000000000000], 
[-100.000000000000, 151.765594000000, -144.122559000000], 
[-56.486374000000, -300.000000000000, -23.626980000000], 
[-100.000000000000, 229.100967000000, -16.304541000000], 
[29.003586000000, 261.451630000000, -150.000000000000], 
[-23.892578000000, -300.000000000000, -144.089615000000], 
[52.171150000000, -220.612198000000, -150.000000000000], 
[85.062851000000, 300.000000000000, -55.429474000000], 
[15.368035000000, 254.648010000000, -150.000000000000], 
[100.000000000000, 85.422546000000, 115.210236000000], 
[42.170601000000, -300.000000000000, -102.830223000000], 
[-36.720222000000, 166.311325000000, 150.000000000000], 
[6.099780000000, 188.617325000000, 150.000000000000], 
[100.000000000000, -82.248024000000, -98.450668000000], 
[100.000000000000, -0.000000000000, 150.000000000000], 
[-35.667980000000, -300.000000000000, -87.587532000000], 
[-50.930508000000, -300.000000000000, -33.377239000000], 
[23.416286000000, -25.151653000000, -150.000000000000], 
[1.585239000000, -300.000000000000, 22.761152000000], 
[-29.351770000000, 230.407913000000, 150.000000000000], 
[-100.000000000000, 37.952564000000, -12.572591000000], 
[100.000000000000, 249.267883000000, -114.804375000000], 
[74.991562000000, -300.000000000000, 32.655464000000], 
[-66.979195000000, 151.269882000000, 150.000000000000], 
[16.615688000000, 212.973740000000, -150.000000000000], 
[65.504066000000, -300.000000000000, 61.851719000000], 
[44.124092000000, 300.000000000000, 10.514170000000], 
[75.973534000000, -78.503113000000, 150.000000000000], 
[100.000000000000, -286.779541000000, -71.158714000000], 
[-77.434998000000, 300.000000000000, 135.126678000000], 
[-60.559013000000, 179.124985000000, -150.000000000000], 
[100.000000000000, -138.681137000000, -141.690765000000], 
[-100.000000000000, 239.737595000000, 85.470276000000], 
[42.483875000000, -74.836044000000, -150.000000000000], 
[-84.378525000000, -300.000000000000, 92.772926000000], 
[-6.864579000000, -300.000000000000, 41.124428000000], 
[27.797487000000, -213.681793000000, 150.000000000000], 
[-100.000000000000, -4.201713000000, -67.422455000000], 
[-100.000000000000, -119.433372000000, -102.921356000000], 
[100.000000000000, -239.540787000000, -110.804855000000], 
[100.000000000000, 83.445618000000, 95.667992000000], 
[-100.000000000000, -190.552673000000, 34.757984000000], 
[100.000000000000, -181.395355000000, -150.000000000000], 
[37.743752000000, 300.000000000000, -52.695839000000], 
[100.000000000000, -227.098831000000, 142.899567000000], 
[100.000000000000, -89.228882000000, 119.614166000000], 
[100.000000000000, -77.522697000000, 93.531456000000], 
[15.270339000000, 300.000000000000, 33.078716000000], 
[100.000000000000, -216.739227000000, -70.490601000000], 
[-13.365296000000, 205.034027000000, 150.000000000000], 
[44.084969000000, -58.776913000000, 150.000000000000], 
[100.000000000000, 87.967606000000, -79.033028000000], 
[50.568825000000, 300.000000000000, 98.510506000000], 
[33.789715000000, -130.140381000000, 150.000000000000], 
[0.514982000000, 300.000000000000, 42.840511000000], 
[46.275333000000, -65.331871000000, 150.000000000000], 
[-100.000000000000, 254.506454000000, -62.337109000000], 
[9.331175000000, -259.219513000000, 150.000000000000], 
[95.926468000000, 170.930237000000, -150.000000000000], 
[-100.000000000000, -236.665085000000, 18.520670000000], 
[100.000000000000, 281.479889000000, -40.399433000000], 
[94.088806000000, -294.200592000000, 150.000000000000], 
[-73.260811000000, 99.085884000000, -150.000000000000], 
[-93.342743000000, 94.497604000000, 150.000000000000], 
[87.609688000000, 71.441559000000, 150.000000000000], 
[-20.886274000000, -22.438799000000, -150.000000000000], 
[-41.648506000000, 104.943420000000, 150.000000000000], 
[-14.985877000000, -300.000000000000, 98.794716000000], 
[100.000000000000, -195.604370000000, -116.404266000000], 
[-79.294968000000, 51.482689000000, 150.000000000000], 
[-89.602226000000, 300.000000000000, -23.356096000000], 
[69.987198000000, -300.000000000000, -119.588524000000], 
[-100.000000000000, -94.809998000000, -3.366672000000], 
[-100.000000000000, 237.056671000000, 20.233345000000], 
[25.237570000000, -157.866852000000, -150.000000000000], 
[100.000000000000, -66.348282000000, -113.100998000000], 
[100.000000000000, -2.139132000000, 133.749847000000], 
[6.598218000000, -70.857666000000, 150.000000000000], 
[100.000000000000, -73.290199000000, 4.367612000000], 
[-54.853436000000, -185.259583000000, 150.000000000000], 
[-59.179611000000, 300.000000000000, -78.977394000000], 
[-100.000000000000, -285.533112000000, 88.588409000000], 
[-10.807197000000, 126.562820000000, 150.000000000000], 
[100.000000000000, 42.339073000000, 138.093994000000], 
[100.000000000000, -146.511627000000, 150.000000000000], 
[-100.000000000000, -257.474030000000, -98.301903000000], 
[69.475166000000, -300.000000000000, -66.107964000000], 
[-75.054939000000, 186.621613000000, -150.000000000000], 
[100.000000000000, -161.115768000000, 57.996098000000], 
[100.000000000000, 189.555206000000, 114.617195000000], 
[-93.415390000000, 300.000000000000, -76.898445000000], 
[80.968925000000, 25.179056000000, -150.000000000000], 
[-100.000000000000, -284.282623000000, -111.979988000000], 
[100.000000000000, -188.248032000000, -59.915466000000], 
[100.000000000000, -227.910202000000, 77.575546000000], 
[100.000000000000, -176.618134000000, -36.673203000000], 
[-15.452725000000, 180.301636000000, 150.000000000000], 
[100.000000000000, 171.384918000000, -29.002153000000], 
[22.732103000000, -300.000000000000, -105.481094000000], 
[58.229012000000, -148.572098000000, 150.000000000000], 
[-61.927929000000, 34.473618000000, 150.000000000000], 
[-26.142370000000, 160.829330000000, -150.000000000000], 
[100.000000000000, -101.375031000000, -99.173065000000], 
[-5.002560000000, -300.000000000000, 46.994236000000], 
[59.768944000000, -179.446320000000, -150.000000000000], 
[100.000000000000, 7.472114000000, 74.960976000000], 
[-100.000000000000, 124.353989000000, -49.832138000000], 
[-33.867989000000, 263.757965000000, 150.000000000000], 
[100.000000000000, -178.545776000000, 95.385406000000], 
[-100.000000000000, 263.282410000000, -130.272629000000], 
[83.460320000000, 87.987625000000, -150.000000000000], 
[-100.000000000000, 7.816237000000, -78.770149000000], 
[-83.093849000000, 222.530365000000, 150.000000000000], 
[-100.000000000000, -215.222870000000, -50.978252000000], 
[100.000000000000, 115.934425000000, 79.714127000000], 
[-100.000000000000, 188.599960000000, -72.987770000000], 
[89.803001000000, -276.885315000000, -150.000000000000], 
[100.000000000000, -35.339870000000, -131.367020000000], 
[17.968967000000, -300.000000000000, -140.965378000000], 
[-100.000000000000, 174.836899000000, 65.214653000000], 
[-100.000000000000, -85.067757000000, 9.028937000000], 
[100.000000000000, 287.462646000000, -93.581009000000], 
[-100.000000000000, 219.708923000000, -71.291298000000], 
[40.667973000000, 95.309906000000, 150.000000000000], 
[-12.725103000000, 84.806816000000, 150.000000000000], 
[100.000000000000, 29.902273000000, -62.870346000000], 
[-100.000000000000, -300.000000000000, 87.209305000000], 
[-100.000000000000, 185.239807000000, 81.216072000000], 
[30.056860000000, 43.736721000000, 150.000000000000], 
[-62.701374000000, 278.081726000000, -150.000000000000], 
[6.362154000000, 300.000000000000, 127.424316000000], 
[100.000000000000, -257.972382000000, -114.938911000000], 
[-81.573769000000, 300.000000000000, 22.620195000000], 
[-28.518869000000, 300.000000000000, 48.741905000000], 
[-41.707439000000, -295.167236000000, 150.000000000000], 
[100.000000000000, 300.000000000000, 115.116280000000], 
[100.000000000000, 61.496494000000, -5.767362000000], 
[100.000000000000, 58.893421000000, 46.544109000000], 
[16.872101000000, 300.000000000000, -36.191769000000], 
[100.000000000000, 199.395737000000, 54.022469000000], 
[100.000000000000, -234.630875000000, 104.183945000000], 
[-100.000000000000, 103.224167000000, 26.571663000000], 
[-100.000000000000, -47.578861000000, -56.626305000000], 
[-100.000000000000, -183.274734000000, -63.064522000000], 
[100.000000000000, 77.976242000000, -94.869164000000], 
[10.344828000000, 300.000000000000, -150.000000000000], 
[100.000000000000, -141.044678000000, -8.400534000000], 
[94.325745000000, -300.000000000000, 84.126465000000], 
[-100.000000000000, 290.706329000000, -129.045929000000], 
[100.000000000000, -94.121445000000, 145.178574000000], 
[100.000000000000, -41.015678000000, -95.367828000000], 
[100.000000000000, 17.735250000000, 14.451834000000], 
[100.000000000000, 42.042728000000, -136.455444000000], 
[-65.014198000000, -210.456543000000, -150.000000000000], 
[7.793123000000, -300.000000000000, 86.689827000000], 
[94.208572000000, 300.000000000000, -34.117054000000], 
[-100.000000000000, -5.455992000000, 76.105881000000], 
[67.106407000000, 43.639610000000, -150.000000000000], 
[100.000000000000, 178.886047000000, -103.370392000000], 
[-48.131096000000, -241.812912000000, 150.000000000000], 
[-37.308468000000, -160.201370000000, -150.000000000000], 
[79.310349000000, 300.000000000000, -150.000000000000], 
[-24.926847000000, -245.078079000000, -150.000000000000], 
[-100.000000000000, 125.864365000000, -144.199005000000], 
[-100.000000000000, 151.255539000000, 95.429092000000], 
[55.822369000000, -35.195877000000, -150.000000000000], 
[43.579216000000, 289.941925000000, 150.000000000000], 
[-100.000000000000, -233.867340000000, -31.126827000000], 
[100.000000000000, 300.000000000000, -150.000000000000], 
[-100.000000000000, 75.368782000000, 53.686569000000], 
[100.000000000000, 179.183929000000, 76.529442000000], 
[-87.836136000000, 300.000000000000, 138.637802000000], 
[-100.000000000000, 94.324196000000, 36.649078000000], 
[-100.000000000000, 164.602295000000, -71.913231000000], 
[4.416813000000, -257.986847000000, 150.000000000000], 
[-100.000000000000, -14.576439000000, -19.315804000000], 
[19.532833000000, 300.000000000000, -110.316536000000], 
[100.000000000000, -6.976744000000, 150.000000000000], 
[-58.942886000000, 185.182266000000, 150.000000000000], 
[100.000000000000, 168.866379000000, 128.549271000000], 
[93.103447000000, 300.000000000000, -150.000000000000], 
[100.000000000000, 212.709641000000, -70.134750000000], 
[-44.784683000000, -99.275764000000, -150.000000000000], 
[100.000000000000, -102.934563000000, 1.020150000000], 
[100.000000000000, -167.441864000000, 150.000000000000], 
[100.000000000000, -127.276054000000, 25.728016000000], 
[85.406715000000, 179.034744000000, -150.000000000000], 
[-100.000000000000, 38.293449000000, 131.154099000000], 
[-100.000000000000, 37.469242000000, 26.975670000000], 
[-44.827587000000, 300.000000000000, -150.000000000000], 
[-100.000000000000, -261.171753000000, -93.633522000000], 
[-46.690319000000, 300.000000000000, -78.165298000000], 
[100.000000000000, -5.824388000000, -124.653297000000], 
[78.502754000000, 100.836555000000, 150.000000000000], 
[-74.862503000000, 107.711754000000, 150.000000000000], 
[100.000000000000, 4.191050000000, 3.614066000000], 
[100.000000000000, 249.159531000000, -143.724594000000], 
[41.346039000000, -300.000000000000, -73.213036000000], 
[100.000000000000, 293.023254000000, -150.000000000000], 
[100.000000000000, -12.491526000000, -94.268044000000], 
[100.000000000000, -180.250977000000, -141.243652000000], 
[-100.000000000000, 186.311859000000, 51.501575000000], 
[-43.383617000000, -300.000000000000, 47.645374000000], 
[100.000000000000, 288.752777000000, 108.531937000000], 
[-100.000000000000, 250.821335000000, -43.652695000000], 
[-100.000000000000, -213.979111000000, -24.380629000000], 
[33.075970000000, -280.267609000000, -150.000000000000], 
[100.000000000000, -246.118652000000, 42.033783000000], 
[100.000000000000, 40.703495000000, 55.275551000000], 
[-100.000000000000, 0.806530000000, -8.691185000000], 
[-52.040981000000, 274.309998000000, -150.000000000000], 
[-100.000000000000, -78.624077000000, 16.920820000000], 
[-100.000000000000, -154.842117000000, 71.641914000000], 
[20.102053000000, -111.489922000000, -150.000000000000], 
[-100.000000000000, -262.408630000000, 15.007054000000], 
[-100.000000000000, 177.516327000000, 54.499832000000], 
[-100.000000000000, 295.915955000000, -48.686646000000], 
[-100.000000000000, 96.281334000000, 11.646316000000], 
[-56.229252000000, 71.782410000000, 150.000000000000], 
[-24.137932000000, 300.000000000000, -150.000000000000], 
[100.000000000000, 31.754248000000, 20.927631000000], 
[100.000000000000, -124.104645000000, -117.687531000000], 
[54.169449000000, 300.000000000000, 73.534050000000], 
[30.415810000000, 160.974670000000, -150.000000000000], 
[-6.062189000000, 49.939781000000, -150.000000000000], 
[65.431572000000, 192.787399000000, -150.000000000000], 
[-100.000000000000, 120.962631000000, -4.319894000000], 
[18.351807000000, -75.908936000000, 150.000000000000], 
[100.000000000000, -3.830434000000, -1.824004000000], 
[-38.050957000000, -166.732819000000, -150.000000000000], 
[-94.655884000000, 220.211456000000, -150.000000000000], 
[-100.000000000000, -226.305313000000, -0.756965000000], 
[-95.259338000000, 89.060997000000, -150.000000000000], 
[47.572128000000, -278.144043000000, 150.000000000000], 
[-7.374442000000, -137.368530000000, -150.000000000000], 
[92.614906000000, -230.354309000000, 150.000000000000], 
[100.000000000000, 259.754089000000, 132.395294000000], 
[100.000000000000, 252.429062000000, -78.785759000000], 
[-100.000000000000, 181.149002000000, -12.922537000000], 
[42.615150000000, 300.000000000000, 34.974968000000], 
[100.000000000000, -288.157318000000, -99.032036000000], 
[48.592728000000, 293.418976000000, 150.000000000000], 
[1.897293000000, 88.363388000000, 150.000000000000], 
[-100.000000000000, 222.597168000000, -17.654264000000], 
[40.664886000000, -131.947586000000, 150.000000000000], 
[-49.745117000000, 300.000000000000, -97.060936000000], 
[-14.261133000000, -198.736984000000, -150.000000000000], 
[100.000000000000, -21.570127000000, 58.271400000000], 
[-100.000000000000, 79.646126000000, 11.245943000000], 
[100.000000000000, 215.612656000000, -128.383026000000], 
[-100.000000000000, -100.999092000000, 13.337972000000], 
[-22.101482000000, 38.709652000000, 150.000000000000], 
[100.000000000000, -66.752151000000, 144.699768000000], 
[13.664415000000, -182.274094000000, 150.000000000000], 
[100.000000000000, -253.462784000000, -30.494049000000], 
[-100.000000000000, -27.463703000000, 23.745934000000], 
[-100.000000000000, 243.213425000000, -67.519974000000], 
[-100.000000000000, -182.004288000000, -24.198734000000], 
[20.693680000000, 135.254227000000, -150.000000000000], 
[63.602909000000, -196.949432000000, -150.000000000000], 
[49.273270000000, -23.501991000000, 150.000000000000], 
[-75.877640000000, -65.525116000000, 150.000000000000], 
[-100.000000000000, -59.876118000000, 87.561333000000], 
[-100.000000000000, -141.151428000000, -36.114742000000], 
[100.000000000000, -182.455215000000, 55.152962000000], 
[100.000000000000, 224.557465000000, -37.082130000000], 
[100.000000000000, 69.184242000000, -140.070160000000], 
[-100.000000000000, -243.681503000000, 61.029011000000], 
[100.000000000000, -217.406479000000, -118.562202000000], 
[53.047150000000, -20.295364000000, -150.000000000000], 
[-69.934288000000, 300.000000000000, 65.559525000000], 
[100.000000000000, -63.787216000000, 70.962067000000], 
[-91.340477000000, -300.000000000000, -129.701385000000], 
[100.000000000000, -9.903135000000, 84.518898000000], 
[-80.468552000000, -247.729538000000, -150.000000000000], 
[-100.000000000000, -80.158440000000, 69.208977000000], 
[-100.000000000000, 4.718802000000, -35.032318000000], 
[94.104492000000, -300.000000000000, -135.976868000000], 
[51.724136000000, -300.000000000000, -150.000000000000], 
[24.483706000000, 300.000000000000, -96.053146000000], 
[-21.797010000000, 226.341125000000, 150.000000000000], 
[100.000000000000, 247.805161000000, 65.116501000000], 
[87.417725000000, 132.114075000000, -150.000000000000], 
[100.000000000000, 300.000000000000, 143.023254000000], 
[-71.653847000000, 117.842957000000, -150.000000000000], 
[-60.887547000000, 88.101746000000, -150.000000000000], 
[-25.288057000000, -300.000000000000, -77.421051000000], 
[-6.781238000000, -300.000000000000, 62.017700000000], 
[100.000000000000, 76.744186000000, -150.000000000000], 
[100.000000000000, -174.153809000000, 5.733362000000], 
[-100.000000000000, 210.895462000000, 138.636459000000], 
[82.447601000000, 17.923288000000, 150.000000000000], 
[-100.000000000000, -158.624313000000, -0.382990000000], 
[100.000000000000, -200.536743000000, 61.732933000000], 
[-100.000000000000, -260.696899000000, 144.361786000000], 
[88.131752000000, 130.000626000000, 150.000000000000], 
[100.000000000000, 229.503738000000, -27.046198000000], 
[-2.510844000000, -252.088333000000, 150.000000000000], 
[61.513062000000, 300.000000000000, 39.290756000000], 
[-100.000000000000, 184.820679000000, -109.858231000000], 
[-21.465389000000, 300.000000000000, 98.805061000000], 
[-100.000000000000, 158.755386000000, 97.802933000000], 
[100.000000000000, 8.461411000000, 134.230225000000], 
[-93.813255000000, 285.049652000000, 150.000000000000], 
[-6.305548000000, -214.048462000000, -150.000000000000], 
[-100.000000000000, -125.663338000000, -103.807968000000], 
[100.000000000000, 61.630001000000, 64.033401000000], 
[-85.408180000000, 175.305084000000, -150.000000000000], 
[-100.000000000000, -191.234116000000, -14.944869000000], 
[-40.745632000000, 97.924057000000, 150.000000000000], 
[-100.000000000000, 269.352844000000, -45.841061000000], 
[-100.000000000000, 188.514481000000, -140.600143000000], 
[40.855797000000, 124.205673000000, -150.000000000000], 
[-100.000000000000, -288.459351000000, -25.262161000000], 
[57.370453000000, -225.406113000000, 150.000000000000], 
[37.889091000000, -66.239067000000, -150.000000000000], 
[100.000000000000, -276.464355000000, 52.719944000000], 
[-65.590637000000, 300.000000000000, -90.867371000000], 
[3.934436000000, -300.000000000000, -5.440922000000], 
[-43.062939000000, -300.000000000000, 11.485024000000], 
[100.000000000000, 195.113388000000, -107.472847000000], 
[75.167587000000, 300.000000000000, 83.023445000000], 
[100.000000000000, 251.168625000000, -109.767143000000], 
[-93.654297000000, 300.000000000000, -13.588986000000], 
[-100.000000000000, 190.464783000000, 113.898369000000], 
[100.000000000000, 5.589009000000, -113.769226000000], 
[-76.237717000000, 104.552490000000, -150.000000000000], 
[100.000000000000, 294.340088000000, 136.118454000000], 
[100.000000000000, 19.269939000000, -49.677471000000], 
[100.000000000000, 115.174744000000, 118.774773000000], 
[-100.000000000000, 188.286728000000, -62.447880000000], 
[-100.000000000000, 218.122604000000, -1.021898000000], 
[32.309662000000, 300.000000000000, -19.518999000000], 
[-15.636156000000, 300.000000000000, 71.012665000000], 
[8.707090000000, -184.785553000000, 150.000000000000], 
[-16.472567000000, -16.846748000000, 150.000000000000], 
[-100.000000000000, 143.659348000000, 89.287086000000], 
[16.970802000000, -27.038383000000, -150.000000000000], 
[100.000000000000, 294.918762000000, -76.504074000000], 
[-31.372396000000, -84.526894000000, -150.000000000000], 
[100.000000000000, -229.406265000000, 109.488869000000], 
[-23.949310000000, -195.615128000000, 150.000000000000], 
[-100.000000000000, -39.289074000000, -5.283153000000], 
[-100.000000000000, 99.891335000000, -89.254631000000], 
[100.000000000000, 232.411346000000, -48.786919000000], 
[-100.000000000000, -15.183690000000, -116.046761000000], 
[28.396761000000, -300.000000000000, -114.095215000000], 
[21.357773000000, 0.244377000000, -150.000000000000], 
[100.000000000000, -194.323273000000, 127.015038000000], 
[-100.000000000000, 48.224136000000, -85.914085000000], 
[-100.000000000000, 4.306521000000, 131.100922000000], 
[100.000000000000, 265.116272000000, 150.000000000000], 
[59.098782000000, -230.376175000000, -150.000000000000], 
[36.243622000000, 300.000000000000, 75.979858000000], 
[100.000000000000, 37.860291000000, -5.594949000000], 
[-16.579653000000, -120.532082000000, 150.000000000000], 
[-100.000000000000, -237.203964000000, -141.958481000000], 
[100.000000000000, 11.601592000000, 30.352028000000], 
[82.408974000000, -61.425568000000, 150.000000000000], 
[-100.000000000000, -116.210945000000, 48.062153000000], 
[100.000000000000, -74.252441000000, 115.476242000000], 
[-100.000000000000, -6.976744000000, 150.000000000000], 
[14.956386000000, 300.000000000000, 117.319260000000], 
[-33.794678000000, -263.218109000000, 150.000000000000], 
[87.918617000000, 288.417847000000, -150.000000000000], 
[39.457558000000, -64.913048000000, 150.000000000000], 
[-100.000000000000, -108.622131000000, 29.482332000000], 
[-90.805115000000, -61.442276000000, -150.000000000000], 
[-100.000000000000, 222.966507000000, 88.880234000000], 
[100.000000000000, -70.711723000000, -100.076675000000], 
[-65.702942000000, 265.698517000000, 150.000000000000], 
[100.000000000000, 174.436462000000, 21.439903000000], 
[100.000000000000, -255.271362000000, 4.664490000000], 
[100.000000000000, -242.069382000000, 138.260345000000], 
[-48.125820000000, 199.489731000000, 150.000000000000], 
[100.000000000000, -27.419138000000, 144.322998000000], 
[76.999352000000, -300.000000000000, 67.992508000000], 
[100.000000000000, -80.975410000000, -10.482989000000], 
[-41.341087000000, 300.000000000000, -42.559380000000], 
[36.836246000000, 10.231474000000, -150.000000000000], 
[52.055618000000, -300.000000000000, 13.840564000000], 
[100.000000000000, 94.710121000000, -103.625916000000], 
[50.308567000000, 300.000000000000, -57.692421000000], 
[-46.271786000000, 300.000000000000, 35.670555000000], 
[20.578312000000, 300.000000000000, 100.180679000000], 
[100.000000000000, -58.346066000000, 134.863708000000], 
[-100.000000000000, 132.967270000000, 36.301868000000], 
[-100.000000000000, 258.797577000000, -65.214485000000], 
[19.014057000000, 9.241935000000, 150.000000000000], 
[100.000000000000, -192.830170000000, 60.859650000000], 
[7.501780000000, 130.431290000000, -150.000000000000], 
[-100.000000000000, -294.093231000000, -117.533798000000], 
[-71.054810000000, 216.639603000000, 150.000000000000], 
[-100.000000000000, -271.836945000000, 91.585503000000], 
[-100.000000000000, -190.024857000000, -35.452915000000], 
[-100.000000000000, -194.221497000000, 135.589325000000], 
[-70.067551000000, -269.665375000000, -150.000000000000], 
[100.000000000000, -174.074402000000, 47.853668000000], 
[4.552367000000, -300.000000000000, -30.481709000000], 
[-100.000000000000, -74.070335000000, 45.061581000000], 
[100.000000000000, 19.537916000000, -81.014961000000], 
[-100.000000000000, -83.150368000000, 107.825027000000], 
[17.036331000000, -164.851761000000, -150.000000000000], 
[100.000000000000, -181.134018000000, 20.294802000000], 
[-100.000000000000, 195.924927000000, 28.860102000000], 
[-100.000000000000, -237.692825000000, -127.751083000000], 
[38.790810000000, 117.118416000000, 150.000000000000], 
[-100.000000000000, 269.817902000000, -133.906738000000], 
[-56.767075000000, -193.078384000000, 150.000000000000], 
[3.616253000000, 226.207077000000, 150.000000000000], 
[-100.000000000000, -227.544052000000, -39.843468000000], 
[-100.000000000000, 165.774887000000, 114.810257000000], 
[-100.000000000000, -239.758926000000, -91.469551000000], 
[22.737514000000, 255.473053000000, 150.000000000000], 
[100.000000000000, 174.983505000000, -65.534531000000], 
[100.000000000000, 174.435577000000, -33.503246000000], 
[100.000000000000, -15.921670000000, -131.392075000000], 
[-100.000000000000, 205.929153000000, 113.332832000000], 
[100.000000000000, -102.362556000000, -93.148933000000], 
[-39.706062000000, -185.858673000000, -150.000000000000], 
[100.000000000000, -266.983521000000, -136.175949000000], 
[91.340477000000, -300.000000000000, -129.701385000000], 
[-74.807907000000, 300.000000000000, -125.248886000000], 
[100.000000000000, -223.255814000000, -150.000000000000], 
[-39.487309000000, -211.173233000000, -150.000000000000], 
[-85.961861000000, -300.000000000000, 27.647678000000], 
[-28.121031000000, -300.000000000000, 92.778000000000], 
[100.000000000000, -135.300812000000, -23.523741000000], 
[-100.000000000000, 4.727606000000, -52.118065000000], 
[100.000000000000, 53.083244000000, 19.894236000000], 
[-100.000000000000, 257.807831000000, -13.755047000000], 
[-27.995420000000, 181.234756000000, 150.000000000000], 
[-10.393351000000, -78.603264000000, -150.000000000000], 
[-100.000000000000, -181.169144000000, 101.892693000000], 
[-59.372467000000, 300.000000000000, 79.122025000000], 
[-23.345457000000, -78.740250000000, 150.000000000000], 
[75.595634000000, -36.757805000000, 150.000000000000], 
[38.351734000000, -206.211472000000, -150.000000000000], 
[-100.000000000000, -155.318405000000, -125.106110000000], 
[23.389677000000, 82.291786000000, -150.000000000000], 
[100.000000000000, 238.033691000000, -98.687576000000], 
[56.300167000000, 201.902985000000, -150.000000000000], 
[94.937386000000, 300.000000000000, 23.232325000000], 
[-72.560257000000, -300.000000000000, -28.678833000000], 
[-85.067360000000, 200.787369000000, 150.000000000000], 
[-44.923435000000, 264.814850000000, 150.000000000000], 
[-100.000000000000, 244.390701000000, -20.922016000000], 
[-10.344828000000, 300.000000000000, -150.000000000000], 
[100.000000000000, -114.846771000000, 55.822266000000], 
[83.179810000000, 46.484665000000, 150.000000000000], 
[-96.427681000000, 289.456085000000, 150.000000000000], 
[-63.494099000000, -300.000000000000, -57.181107000000], 
[100.000000000000, -73.201630000000, -73.776787000000], 
[-100.000000000000, -12.655618000000, 30.620588000000], 
[69.224876000000, 89.895164000000, 150.000000000000], 
[-100.000000000000, 173.367981000000, -129.892487000000], 
[100.000000000000, 10.367897000000, 61.774273000000], 
[-100.000000000000, -232.598999000000, -100.330467000000], 
[100.000000000000, 232.228790000000, -71.847694000000], 
[-19.574537000000, 300.000000000000, 104.860855000000], 
[100.000000000000, 19.607307000000, 88.369324000000], 
[8.161043000000, 300.000000000000, 97.501991000000], 
[-13.192838000000, -295.601227000000, -150.000000000000], 
[100.000000000000, 294.470612000000, -27.445866000000], 
[-89.801941000000, -90.910423000000, -150.000000000000], 
[100.000000000000, 74.379631000000, 129.915817000000], 
[100.000000000000, -6.296959000000, 50.605991000000], 
[-100.000000000000, 271.208313000000, 87.167473000000], 
[-100.000000000000, -155.028137000000, -131.521362000000], 
[-100.000000000000, 240.049927000000, 47.123631000000], 
[-100.000000000000, 45.655548000000, -18.305084000000], 
[-100.000000000000, -220.887360000000, -51.222874000000], 
[-100.000000000000, -160.465118000000, 150.000000000000], 
[100.000000000000, -257.236145000000, 37.555466000000], 
[100.000000000000, 252.030075000000, 19.034683000000], 
[95.555138000000, -108.712891000000, -150.000000000000], 
[-100.000000000000, -234.423401000000, 74.388298000000], 
[-27.733454000000, 262.422791000000, -150.000000000000], 
[-53.513531000000, -300.000000000000, 55.409477000000], 
[100.000000000000, 20.979479000000, 55.845486000000], 
[69.619080000000, -83.794434000000, 150.000000000000], 
[-56.030369000000, -106.193245000000, 150.000000000000], 
[82.428139000000, -77.388344000000, 150.000000000000], 
[62.472553000000, -278.219238000000, -150.000000000000], 
[-31.430489000000, 300.000000000000, 15.718099000000], 
[-100.000000000000, 153.488373000000, -150.000000000000], 
[-24.770105000000, 300.000000000000, -31.503447000000], 
[52.993046000000, -130.557373000000, -150.000000000000], 
[100.000000000000, 31.736292000000, 87.246033000000], 
[-47.453476000000, -155.174347000000, 150.000000000000], 
[100.000000000000, -66.165352000000, -120.119141000000], 
[100.000000000000, -114.262360000000, -29.516304000000], 
[-66.998077000000, 300.000000000000, -16.845289000000], 
[-82.474075000000, -300.000000000000, 135.760803000000], 
[-74.949806000000, 275.146576000000, -150.000000000000], 
[100.000000000000, -227.095306000000, -76.499794000000], 
[85.595345000000, -88.985138000000, 150.000000000000], 
[-100.000000000000, -156.544693000000, 6.395641000000], 
[37.999302000000, -160.413971000000, -150.000000000000], 
[-95.943604000000, 226.526962000000, 150.000000000000], 
[51.795380000000, -300.000000000000, -91.457672000000], 
[8.166375000000, -300.000000000000, -145.580933000000], 
[-88.358330000000, 80.052048000000, -150.000000000000], 
[100.000000000000, -107.496490000000, 42.775803000000], 
[-12.892314000000, 300.000000000000, -115.073746000000], 
[-100.000000000000, 102.411118000000, 42.144604000000], 
[-24.300125000000, -5.583983000000, -150.000000000000], 
[100.000000000000, -108.827576000000, -1.632194000000], 
[14.059373000000, 300.000000000000, 67.250565000000], 
[100.000000000000, 184.836319000000, 134.516373000000], 
[-100.000000000000, -216.607727000000, 8.613704000000], 
[-100.000000000000, 51.517006000000, -39.184921000000], 
[100.000000000000, 148.962296000000, -127.531281000000], 
[-47.719772000000, -270.825348000000, 150.000000000000], 
[-75.768318000000, -300.000000000000, -119.845078000000], 
[100.000000000000, -59.072269000000, 82.688644000000], 
[100.000000000000, 52.394283000000, -41.215248000000], 
[-100.000000000000, -5.334640000000, -30.511284000000], 
[18.639849000000, -300.000000000000, 5.957017000000], 
[-69.475693000000, -300.000000000000, 66.111649000000], 
[100.000000000000, 111.627907000000, -150.000000000000], 
[-100.000000000000, -281.227386000000, 40.853493000000], 
[5.372075000000, 300.000000000000, -134.753906000000], 
[-100.000000000000, 128.696091000000, 3.154549000000], 
[-100.000000000000, 157.514633000000, 130.554901000000], 
[38.840118000000, -177.660324000000, -150.000000000000], 
[-100.000000000000, -189.504517000000, 139.238892000000], 
[-81.889420000000, -300.000000000000, 65.307518000000], 
[100.000000000000, -90.591972000000, 63.931980000000], 
[-100.000000000000, 274.616058000000, 9.286871000000], 
[-13.822920000000, 171.588394000000, -150.000000000000], 
[89.837730000000, -63.569439000000, -150.000000000000], 
[100.000000000000, -206.442642000000, 102.692749000000], 
[-43.249310000000, 280.534912000000, -150.000000000000], 
[29.063786000000, 300.000000000000, 140.457291000000], 
[100.000000000000, -147.488144000000, 120.468933000000], 
[-100.000000000000, -76.489746000000, -99.303688000000], 
[-52.677727000000, -300.000000000000, -103.719536000000], 
[-100.000000000000, 254.260300000000, -67.589256000000], 
[-100.000000000000, -54.633171000000, 16.047146000000], 
[-100.000000000000, 214.958527000000, -11.132929000000], 
[-100.000000000000, -58.079105000000, 39.995796000000], 
[46.674168000000, -300.000000000000, 13.345746000000], 
[-75.212326000000, 231.517456000000, -150.000000000000], 
[-21.259691000000, 277.108765000000, 150.000000000000], 
[-100.000000000000, 43.918152000000, -12.923393000000], 
[100.000000000000, -8.666581000000, 131.143967000000], 
[-100.000000000000, 199.875992000000, -109.047462000000], 
[100.000000000000, -224.752350000000, -29.110622000000], 
[-20.641001000000, 248.866867000000, 150.000000000000], 
[-100.000000000000, -194.586319000000, 70.973816000000], 
[100.000000000000, 287.224274000000, -17.009533000000], 
[-93.681892000000, -285.595764000000, -150.000000000000], 
[-35.438667000000, 140.797577000000, -150.000000000000], 
[-56.668709000000, 206.935257000000, 150.000000000000], 
[-70.832756000000, 75.961746000000, 150.000000000000], 
[-53.286320000000, 152.621628000000, 150.000000000000], 
[59.742252000000, -300.000000000000, 115.527550000000], 
[-100.000000000000, 240.979248000000, -92.158844000000], 
[-36.436920000000, 245.576920000000, -150.000000000000], 
[35.079441000000, 128.859970000000, 150.000000000000], 
[100.000000000000, 202.851181000000, -18.520563000000], 
[100.000000000000, -3.643709000000, 145.239075000000], 
[100.000000000000, 244.107483000000, 112.628815000000], 
[77.277184000000, -300.000000000000, -109.706459000000], 
[-41.974781000000, -241.248245000000, -150.000000000000], 
[32.912537000000, 300.000000000000, -13.973773000000], 
[-100.000000000000, 253.163452000000, 129.890411000000], 
[-23.255922000000, 117.030342000000, 150.000000000000], 
[-92.605125000000, 300.000000000000, 27.665194000000], 
[-100.000000000000, -162.957886000000, 42.170021000000], 
[-92.404938000000, 300.000000000000, 94.753975000000], 
[100.000000000000, 196.357559000000, 136.148010000000], 
[19.382893000000, -144.760941000000, 150.000000000000], 
[-70.602577000000, 191.654572000000, -150.000000000000], 
[100.000000000000, 164.246994000000, -98.721298000000], 
[-47.608166000000, 206.170898000000, -150.000000000000], 
[-61.212196000000, -300.000000000000, -39.037575000000], 
[-100.000000000000, 152.149323000000, -48.830383000000], 
[91.416550000000, 300.000000000000, -75.877342000000], 
[100.000000000000, -118.604652000000, 150.000000000000], 
[-64.060646000000, 63.854057000000, -150.000000000000], 
[-100.000000000000, 48.223072000000, -75.333076000000], 
[-28.758572000000, 300.000000000000, 91.153290000000], 
[-100.000000000000, -19.372719000000, -23.737751000000], 
[100.000000000000, -273.858826000000, -60.607395000000], 
[-78.447426000000, -300.000000000000, -87.042542000000], 
[-100.000000000000, -114.046051000000, 5.769973000000], 
[100.000000000000, 149.492188000000, 140.589035000000], 
[-90.441032000000, -224.212799000000, 150.000000000000], 
[7.693329000000, 117.970955000000, -150.000000000000], 
[-100.000000000000, -241.481491000000, 108.341690000000], 
[100.000000000000, 46.552685000000, 1.465272000000], 
[-100.000000000000, 69.637299000000, 112.315170000000], 
[100.000000000000, 28.952694000000, 14.010796000000], 
[85.479774000000, 38.776463000000, 150.000000000000], 
[100.000000000000, -43.929684000000, 0.156906000000], 
[-100.000000000000, 56.704433000000, -92.487030000000], 
[100.000000000000, 59.937859000000, 32.870892000000], 
[-17.670717000000, 0.019928000000, 150.000000000000], 
[56.721390000000, -276.702118000000, -150.000000000000], 
[-88.433540000000, -300.000000000000, 122.274673000000], 
[-100.000000000000, -26.712276000000, -45.063869000000], 
[-0.906154000000, -268.124390000000, -150.000000000000], 
[-100.000000000000, -261.663605000000, 101.587959000000], 
[-100.000000000000, 282.351105000000, 59.210533000000], 
[-31.167849000000, -51.960793000000, -150.000000000000], 
[-19.833754000000, -300.000000000000, 2.699887000000], 
[-100.000000000000, -34.758125000000, 74.216530000000], 
[-40.165535000000, 201.136871000000, -150.000000000000], 
[100.000000000000, 13.692527000000, -10.312512000000], 
[82.371811000000, 122.191376000000, 150.000000000000], 
[-100.000000000000, 199.598434000000, 11.810092000000], 
[-36.938515000000, 127.072380000000, 150.000000000000], 
[-19.226748000000, -85.721382000000, -150.000000000000], 
[100.000000000000, -153.895248000000, 12.714819000000], 
[100.000000000000, 290.354431000000, 29.705837000000], 
[-91.770409000000, -150.925552000000, -150.000000000000], 
[-7.876528000000, -300.000000000000, -75.751381000000], 
[-93.299675000000, -212.185211000000, -150.000000000000], 
[100.000000000000, 125.872078000000, -144.190781000000], 
[100.000000000000, 143.913956000000, -121.137573000000], 
[12.398967000000, -22.981710000000, -150.000000000000], 
[-100.000000000000, 42.789967000000, 124.662003000000], 
[100.000000000000, -295.503174000000, -55.771484000000], 
[74.132088000000, -44.963940000000, 150.000000000000], 
[-43.860603000000, -300.000000000000, 96.873917000000], 
[-56.787243000000, -300.000000000000, -0.999967000000], 
[93.379105000000, 81.696510000000, 150.000000000000], 
[-100.000000000000, 141.061050000000, -89.578987000000], 
[100.000000000000, 300.000000000000, 94.186050000000], 
[-100.000000000000, -107.822304000000, 75.226715000000], 
[-100.000000000000, 295.249054000000, 27.674742000000], 
[-31.953337000000, 300.000000000000, -0.161101000000], 
[-100.000000000000, -116.811058000000, 79.226662000000], 
[100.000000000000, -229.706909000000, 71.262680000000], 
[100.000000000000, 295.824829000000, -111.360924000000], 
[100.000000000000, -268.285126000000, 54.275387000000], 
[-76.343559000000, 161.771240000000, -150.000000000000], 
[-100.000000000000, -121.969299000000, 74.411461000000], 
[-100.000000000000, -107.321815000000, 64.425117000000], 
[-100.000000000000, 98.406654000000, -17.886194000000], 
[31.034483000000, -300.000000000000, -150.000000000000], 
[100.000000000000, 170.735458000000, -100.513794000000], 
[-100.000000000000, 300.000000000000, 87.209305000000], 
[25.601608000000, 1.334891000000, 150.000000000000], 
[-100.000000000000, -201.246811000000, 24.457306000000], 
[-0.174852000000, 239.408020000000, 150.000000000000], 
[-44.932735000000, 300.000000000000, -3.057452000000], 
[100.000000000000, -3.837548000000, -119.555275000000], 
[-40.689411000000, -300.000000000000, -51.309685000000], 
[43.055443000000, 300.000000000000, -9.986526000000], 
[55.635029000000, -143.540543000000, -150.000000000000], 
[-100.000000000000, -81.403786000000, 38.544041000000], 
[71.506660000000, -300.000000000000, -20.486116000000], 
[-22.537933000000, 300.000000000000, 109.637177000000], 
[1.236175000000, -229.493362000000, -150.000000000000], 
[-100.000000000000, 149.296265000000, 88.893631000000], 
[-100.000000000000, -97.321800000000, 99.544044000000], 
[100.000000000000, 208.803360000000, 75.787239000000], 
[-100.000000000000, -132.558136000000, 150.000000000000], 
[55.291210000000, -73.388741000000, 150.000000000000], 
[23.330896000000, -300.000000000000, 109.187584000000], 
[-100.000000000000, 288.565247000000, 135.317764000000], 
[100.000000000000, 177.853439000000, -143.681305000000], 
[-65.517242000000, -300.000000000000, 150.000000000000], 
[48.650291000000, 300.000000000000, 35.184742000000], 
[-27.449930000000, 300.000000000000, -42.058384000000], 
[-100.000000000000, 276.955048000000, -70.650719000000], 
[100.000000000000, -234.515579000000, -18.105881000000], 
[100.000000000000, -11.882163000000, -145.311859000000], 
[-21.913223000000, 288.527405000000, 150.000000000000], 
[53.636082000000, -119.264252000000, 150.000000000000], 
[80.183670000000, 280.277039000000, 150.000000000000], 
[100.000000000000, -142.873505000000, 5.860371000000], 
[-100.000000000000, 215.775101000000, 122.073593000000], 
[-25.714052000000, 47.625042000000, -150.000000000000], 
[100.000000000000, -198.137100000000, 110.053574000000], 
[9.950176000000, -154.099762000000, -150.000000000000], 
[-100.000000000000, 138.811829000000, -55.010563000000], 
[55.921059000000, -248.354752000000, 150.000000000000], 
[24.775648000000, -4.844538000000, 150.000000000000], 
[41.667034000000, 219.781586000000, -150.000000000000], 
[73.067802000000, 95.499390000000, 150.000000000000], 
[-7.068894000000, 255.535065000000, -150.000000000000], 
[62.385689000000, 300.000000000000, -142.566574000000], 
[-100.000000000000, 247.213455000000, -10.591174000000], 
[-100.000000000000, -300.000000000000, 94.186050000000], 
[-100.000000000000, -293.784393000000, -14.449800000000], 
[-54.306236000000, 23.655743000000, -150.000000000000], 
[-69.833717000000, 210.863998000000, 150.000000000000], 
[-100.000000000000, 168.114502000000, -83.013695000000], 
[-100.000000000000, -123.632568000000, 51.543839000000], 
[100.000000000000, 20.161591000000, 70.077705000000], 
[38.185905000000, 300.000000000000, -34.484104000000], 
[86.569290000000, -300.000000000000, 29.169727000000], 
[-100.000000000000, 276.872894000000, -28.839886000000], 
[100.000000000000, -137.640457000000, 124.051514000000], 
[-87.451805000000, -182.105942000000, -150.000000000000], 
[-80.526688000000, -291.263855000000, -150.000000000000], 
[-100.000000000000, 155.957672000000, -127.822563000000], 
[62.583412000000, 300.000000000000, -96.950157000000], 
[-100.000000000000, 198.887283000000, -116.220703000000], 
[-25.983360000000, 281.985596000000, 150.000000000000], 
[48.245983000000, -233.172607000000, 150.000000000000], 
[-100.000000000000, 224.795105000000, 41.447113000000], 
[100.000000000000, -144.554062000000, -122.342567000000], 
[67.151062000000, -249.653839000000, 150.000000000000], 
[87.236229000000, -258.953644000000, 150.000000000000], 
[-52.520069000000, -215.928986000000, 150.000000000000], 
[-100.000000000000, 185.586594000000, -118.455467000000], 
[100.000000000000, -214.878052000000, 77.011581000000], 
[20.522507000000, 278.724365000000, 150.000000000000], 
[-100.000000000000, 99.978317000000, -60.390495000000], 
[100.000000000000, -216.082825000000, 57.445690000000], 
[-100.000000000000, -104.953903000000, -80.008560000000], 
[-66.986526000000, 300.000000000000, -102.050781000000], 
[100.000000000000, 86.571037000000, -10.765220000000], 
[-100.000000000000, 189.805771000000, 127.395348000000], 
[100.000000000000, 234.130798000000, -80.975800000000], 
[-40.555408000000, -300.000000000000, -68.999908000000], 
[62.625423000000, 182.240982000000, -150.000000000000], 
[-100.000000000000, -46.299801000000, -15.749732000000], 
[100.000000000000, -53.979820000000, -141.475067000000], 
[-28.963531000000, 6.230309000000, -150.000000000000], 
[100.000000000000, 83.730392000000, -97.860474000000], 
[-100.000000000000, 43.226250000000, -78.398643000000], 
[-25.969683000000, -133.381104000000, 150.000000000000], 
[53.871284000000, 300.000000000000, -73.736069000000], 
[29.410328000000, -16.951174000000, -150.000000000000], 
[100.000000000000, 27.826836000000, -10.444023000000], 
[-35.937309000000, -300.000000000000, -101.851784000000], 
[52.591812000000, -300.000000000000, 57.274082000000], 
[-100.000000000000, -24.567022000000, 29.596930000000], 
[-100.000000000000, -34.388676000000, -54.637836000000], 
[39.659618000000, -269.151520000000, -150.000000000000], 
[28.099138000000, -234.108307000000, -150.000000000000] 
 ];
