Primitive1 :=[Plane, [0 0 1 -4]];

Primitive2 :=[Plane, [0 0 1 -0]];

Primitive3 :=[Cylinder, [1 1 0 0 0 0 0 -0 -0 -400]];

Primitive4 :=[Cylinder, [1 1 0 0 0 0 0 -0 -0 -25]];

Primitive5:=[Torus, [8.35351782260553e-06 -1.44109882982712e-18 -1.96240004894793e-18 2.65406304673604e-18 1.67070356452112e-05 -1.87807227112351e-17 2.74497104848538e-17 1.67070356452786e-05 -4.67796998067918e-05 -0.00577996605181719 -1.62084909620317e-18 1.79740864243109e-18 -1.72470088016882e-18 7.94106383160617e-18 -9.68197439115861e-17 6.71823192501041e-16 -2.26427790654559e-16 8.96800967705778e-16 -7.54795972702202e-16 -2.03544098568015e-16 8.35351782260562e-06 -3.29418340936833e-19 -1.30718308222187e-18 1.67070356452123e-05 -4.67796998065828e-05 -0.00577996605181733 4.90425601029007e-17 5.32698811641965e-17 -2.25268738309778e-17 -9.04183669254455e-17 8.35351782305595e-06 -4.67796998090356e-05 0.00584545763154913 -0.0161839049450885 0.999818527643365]];

Primitive6:=[Torus, [8.12396616430507e-06 3.06072186517316e-18 2.39440797568016e-18 -9.93081738412769e-18 1.62479323286083e-05 1.22636286355194e-17 -2.89310332086549e-17 1.62479323285341e-05 -8.44892481083618e-05 -0.00554314459322873 3.27770364652748e-18 -7.10447343417595e-18 1.65573972963972e-17 1.30496156642248e-16 -7.45512774742621e-16 -1.98737496945138e-16 -1.07783214314304e-16 9.49793796612739e-16 -3.3323127055321e-15 5.54367811454369e-15 8.12396616430323e-06 2.3293310710122e-18 -4.60413696009605e-18 1.62479323285779e-05 -8.44892481086027e-05 -0.00554314459322779 -6.60130522640466e-17 3.81048381942946e-16 -1.11018044426885e-15 1.34257764303177e-15 8.12396616426732e-06 -8.44892481082867e-05 0.00591879678866392 -0.0296354486666295 0.9995124975295]];