Points:=[
[2.419089000000, -2.927398000000, 12.387927000000], 
[-13.678890000000, -1.901491000000, 4.121541000000], 
[12.434011000000, 2.963170000000, -0.115941000000], 
[9.153341000000, -1.300824000000, 1.418519000000], 
[10.175779000000, -2.442446000000, 9.184740000000], 
[3.301201000000, 2.981258000000, -11.849464000000], 
[-14.868098000000, -0.590616000000, -1.078978000000], 
[-2.840383000000, -1.993419000000, 13.921032000000], 
[-14.956409000000, -0.207179000000, -0.264473000000], 
[12.512354000000, -0.712511000000, -8.053414000000], 
[-10.947694000000, 2.832772000000, -0.818986000000], 
[-14.941502000000, 0.000000000000, -0.854386000000], 
[-2.547357000000, 0.568036000000, -14.692448000000], 
[6.392527000000, -1.886728000000, 7.206900000000], 
[0.442151000000, -1.704972000000, -9.487198000000], 
[-1.613434000000, 1.564518000000, -9.266758000000], 
[-7.904969000000, 0.775870000000, -12.587507000000], 
[-4.248189000000, 1.551458000000, 8.383295000000], 
[-1.535206000000, -2.389757000000, 10.035587000000], 
[-11.186388000000, -1.124719000000, -9.609455000000], 
[13.200126000000, -1.040685000000, -6.647848000000], 
[-12.880033000000, 2.834043000000, -1.343209000000], 
[-0.869026000000, 2.968095000000, 12.371790000000], 
[-12.254972000000, -2.857625000000, -3.960780000000], 
[-7.904817000000, -0.537719000000, -4.333009000000], 
[9.333843000000, 1.499118000000, 11.180514000000], 
[-7.749426000000, 2.366918000000, -11.429796000000], 
[-8.869304000000, -0.148843000000, 1.337632000000], 
[7.766251000000, -2.475009000000, 6.720791000000], 
[-8.570088000000, -1.446231000000, 3.707146000000], 
[-8.421381000000, 2.092749000000, 5.044007000000], 
[9.422849000000, -2.782369000000, 9.082839000000], 
[-13.354930000000, -1.560846000000, -5.718875000000], 
[3.934304000000, 0.464705000000, -8.096877000000], 
[-14.463283000000, 1.369933000000, 2.234391000000], 
[6.984101000000, 0.000000000000, -13.236344000000], 
[9.135150000000, 2.916074000000, -8.780190000000], 
[-12.319501000000, -2.875899000000, -3.546593000000], 
[11.244214000000, -0.254416000000, 9.860160000000], 
[-14.851794000000, -0.255127000000, 1.754276000000], 
[-5.912101000000, -1.235691000000, 13.458281000000], 
[14.593845000000, 0.260503000000, 3.264826000000], 
[-3.664268000000, -0.033634000000, -8.183157000000], 
[-7.727863000000, 2.790380000000, -7.636154000000], 
[4.097620000000, -0.319018000000, 14.376339000000], 
[11.894824000000, 0.282295000000, -9.060540000000], 
[-10.915355000000, -2.714924000000, -7.497581000000], 
[12.867431000000, 2.176203000000, -5.594201000000], 
[-14.123269000000, 2.061372000000, 0.793288000000], 
[-6.061551000000, -1.514019000000, 13.233674000000], 
[4.698401000000, -0.726536000000, 7.740927000000], 
[1.627243000000, -2.993900000000, 12.047735000000], 
[-10.023432000000, 1.112893000000, 10.823490000000], 
[8.178354000000, 0.578640000000, 12.466355000000], 
[10.472283000000, 2.711659000000, 8.116237000000], 
[-10.247196000000, 2.998895000000, -6.019647000000], 
[-12.892185000000, 2.776775000000, -2.332462000000], 
[-14.421213000000, -1.677062000000, -0.963618000000], 
[8.198626000000, -2.505865000000, 6.261962000000], 
[-8.615930000000, 0.438749000000, 2.594755000000], 
[-14.773804000000, 0.942969000000, -1.088635000000], 
[-1.166946000000, 0.898598000000, 14.782179000000], 
[-7.583533000000, 2.024071000000, 6.130568000000], 
[6.432359000000, 0.677681000000, 6.356794000000], 
[-13.558384000000, 0.643655000000, -6.169478000000], 
[4.114689000000, -0.232273000000, 7.976117000000], 
[6.121130000000, -2.600310000000, 8.494007000000], 
[8.170852000000, -2.753673000000, -7.024717000000], 
[13.110348000000, -2.014027000000, -5.427385000000], 
[-0.296009000000, 2.637502000000, 10.532212000000], 
[9.060223000000, 2.830784000000, 9.265728000000], 
[-10.144485000000, 1.619957000000, 10.347781000000], 
[11.572401000000, 2.504126000000, -7.178376000000], 
[-12.862535000000, 2.609522000000, 3.917609000000], 
[-12.832855000000, 2.871964000000, -0.058153000000], 
[7.175277000000, 0.577427000000, -5.469184000000], 
[3.747357000000, 2.015082000000, -13.684586000000], 
[-13.368585000000, -1.825181000000, -5.206927000000], 
[-13.189943000000, -2.737842000000, -0.253358000000], 
[13.803518000000, -2.370410000000, -0.180772000000], 
[-4.875955000000, -2.972093000000, -10.478777000000], 
[-6.893876000000, 2.154393000000, 12.246595000000], 
[8.566466000000, -1.549779000000, -11.741820000000], 
[-8.740510000000, 2.962552000000, 8.849765000000], 
[-14.576975000000, 0.000000000000, -3.389730000000], 
[-7.844885000000, 2.998843000000, -9.145564000000], 
[7.158551000000, -2.842531000000, 8.360822000000], 
[-9.649122000000, 1.385818000000, -10.992414000000], 
[-9.670922000000, 2.915106000000, -5.761911000000], 
[14.360345000000, 1.799698000000, 0.407876000000], 
[-13.456230000000, 2.569140000000, -1.258462000000], 
[-7.271562000000, -1.750211000000, -12.432021000000], 
[1.573357000000, 2.073870000000, 9.671030000000], 
[13.572748000000, 2.286677000000, 3.034575000000], 
[4.642013000000, -2.991650000000, -10.785718000000], 
[-10.815246000000, 2.905538000000, -2.982748000000], 
[-11.182213000000, 2.999805000000, -4.162245000000], 
[10.261504000000, -2.990700000000, -5.682559000000], 
[-9.787793000000, -2.076693000000, 0.506354000000], 
[8.651161000000, -0.129087000000, 2.365330000000], 
[14.564951000000, -0.902165000000, -2.775514000000], 
[10.752379000000, 2.947138000000, 3.803332000000], 
[7.966520000000, -1.510548000000, 4.940196000000], 
[8.847034000000, 2.999135000000, -8.163492000000], 
[10.055128000000, 2.999616000000, 6.397772000000], 
[-8.163284000000, 2.198928000000, -5.645292000000], 
[10.811711000000, 1.610580000000, -9.657520000000], 
[9.104119000000, -0.920983000000, -0.348207000000], 
[10.956278000000, 1.981035000000, -9.062789000000], 
[9.681859000000, -1.164716000000, 11.101882000000], 
[8.717970000000, 2.421876000000, 5.286233000000], 
[-12.884036000000, -0.239219000000, -7.595672000000], 
[-8.968057000000, 1.594642000000, 11.402933000000], 
[-2.589541000000, -1.708918000000, 9.140491000000], 
[4.569361000000, -2.993145000000, 10.839472000000], 
[14.410414000000, -0.599422000000, 3.809380000000], 
[-12.400520000000, -1.014638000000, 8.058855000000], 
[10.008999000000, 0.221288000000, 11.115478000000], 
[5.548663000000, -2.818136000000, -9.425291000000], 
[13.446122000000, -2.606914000000, 0.343096000000], 
[2.506173000000, 2.718625000000, -10.399702000000], 
[-11.213638000000, -2.977839000000, 5.126435000000], 
[1.850548000000, 1.635744000000, 9.268144000000], 
[-3.139168000000, -2.075074000000, -9.282914000000], 
[6.915072000000, 0.950754000000, -5.946952000000], 
[0.419395000000, -2.774470000000, -13.100389000000], 
[13.568682000000, 1.085472000000, -5.816071000000], 
[-9.932019000000, 2.785637000000, 4.373382000000], 
[1.929744000000, -2.995019000000, -11.984336000000], 
[8.954498000000, 2.658116000000, 9.910578000000], 
[12.797784000000, -2.607401000000, -4.136370000000], 
[-7.908995000000, -2.999355000000, 8.896382000000], 
[-14.225969000000, -1.934158000000, -0.972468000000], 
[-8.967367000000, 1.031791000000, 1.813603000000], 
[12.089433000000, -0.476434000000, -8.757049000000], 
[6.174819000000, 1.357914000000, -13.275176000000], 
[-3.635435000000, 2.895177000000, 10.572217000000], 
[14.142204000000, -0.301696000000, -4.849901000000], 
[-3.389730000000, 0.000000000000, -14.576975000000], 
[-6.729933000000, 2.866317000000, 8.802387000000], 
[8.538309000000, -2.875236000000, -7.108005000000], 
[-6.698270000000, -1.883006000000, 6.919472000000], 
[6.973318000000, 2.969356000000, -10.245696000000], 
[13.701739000000, -2.437774000000, -0.589458000000], 
[3.080667000000, 1.587239000000, -8.902220000000], 
[14.526738000000, 0.520709000000, 3.404622000000], 
[-2.182477000000, -2.677609000000, 13.138805000000], 
[13.998612000000, -1.882461000000, 2.929179000000], 
[8.695421000000, -1.684510000000, -3.784993000000], 
[-14.193539000000, 1.277842000000, 3.748381000000], 
[4.095052000000, -1.145965000000, -14.158083000000], 
[-7.137866000000, -2.374638000000, 11.809736000000], 
[-3.840114000000, -2.315419000000, 9.296434000000], 
[-12.050575000000, -1.476849000000, 8.202370000000], 
[9.114460000000, 1.310246000000, -1.675366000000], 
[-6.310097000000, -2.637444000000, -8.437744000000], 
[4.573715000000, 2.506592000000, -9.248435000000], 
[11.424478000000, 2.992918000000, 4.199626000000], 
[-1.619972000000, -1.193776000000, -14.628740000000], 
[-3.201887000000, 1.460604000000, 8.779862000000], 
[-12.599961000000, 1.847656000000, -6.824455000000], 
[2.295264000000, 2.965369000000, 11.280242000000], 
[-0.639641000000, 0.625547000000, 9.009175000000], 
[-14.159380000000, -1.002156000000, 4.285066000000], 
[-0.000082000000, 2.186107000000, 14.020402000000], 
[5.967734000000, -1.264407000000, -13.419301000000], 
[7.960063000000, 0.553413000000, 4.236843000000], 
[4.113595000000, 0.210824000000, 7.974894000000], 
[13.695537000000, 2.131014000000, 3.256997000000], 
[-11.713155000000, 1.997665000000, 8.034765000000], 
[-14.133885000000, 1.508463000000, 3.492870000000], 
[8.056114000000, -0.579883000000, -12.545406000000], 
[-6.395948000000, -1.926826000000, 12.751139000000], 
[2.772947000000, -1.309307000000, 8.842090000000], 
[-3.804609000000, 0.000000000000, 14.474233000000], 
[-7.203425000000, 1.144099000000, -5.710978000000], 
[-5.760531000000, 2.643243000000, 12.081776000000], 
[-10.188774000000, -2.470051000000, -1.234666000000], 
[13.620536000000, 2.502366000000, -0.055694000000], 
[13.831936000000, -1.634827000000, 4.287946000000], 
[-3.860683000000, 1.589349000000, 8.594184000000], 
[-8.988882000000, 0.403010000000, 0.275500000000], 
[-2.066191000000, -1.141017000000, -14.594923000000], 
[-11.405391000000, 1.138821000000, 9.339409000000], 
[-9.846458000000, 2.472500000000, -2.907892000000], 
[11.320666000000, -1.917635000000, -8.692589000000], 
[11.439366000000, 2.066265000000, 8.312988000000], 
[-1.471087000000, -1.961974000000, 14.159201000000], 
[-4.708430000000, 1.572041000000, -13.736495000000], 
[2.298994000000, 1.303881000000, -8.974284000000], 
[-2.918980000000, 0.330614000000, 14.659857000000], 
[10.317083000000, 2.284816000000, 9.329889000000], 
[13.680514000000, 2.325669000000, -2.229372000000], 
[7.160493000000, -2.982816000000, -9.183659000000], 
[10.885965000000, 2.358425000000, -8.514078000000], 
[9.210710000000, -0.258926000000, -11.781610000000], 
[3.481412000000, 2.098372000000, -9.184184000000], 
[-10.927618000000, 0.567418000000, -10.146319000000], 
[-5.929880000000, 1.757879000000, 7.466635000000], 
[10.480070000000, -2.771629000000, 7.883189000000], 
[0.347304000000, -2.325750000000, -10.064956000000], 
[14.563003000000, 1.325910000000, -1.657280000000], 
[-14.930550000000, -0.321512000000, 0.735028000000], 
[-13.780303000000, 2.216383000000, -2.399808000000], 
[4.981203000000, 2.520811000000, -9.060406000000], 
[-14.592455000000, 0.244163000000, -3.277335000000], 
[12.169214000000, 2.578456000000, 5.843270000000], 
[10.311585000000, -2.868153000000, -4.071547000000], 
[-11.088651000000, 2.941884000000, 2.550863000000], 
[6.034259000000, -0.691310000000, 6.740145000000], 
[-12.137249000000, -2.974574000000, -2.312946000000], 
[-5.806638000000, -2.901123000000, -11.328285000000], 
[-2.104166000000, -2.930591000000, 12.430670000000], 
[6.033111000000, 2.637834000000, 8.638842000000], 
[13.365432000000, 2.403598000000, 3.276154000000], 
[-14.911011000000, 0.000000000000, 1.280708000000], 
[-7.316953000000, -1.909926000000, -6.295366000000], 
[-11.661020000000, 2.985900000000, -0.579029000000], 
[12.721346000000, -1.438985000000, 7.160786000000], 
[13.730774000000, -2.398790000000, -1.005248000000], 
[-5.840786000000, -2.999850000000, 10.477908000000], 
[-2.972087000000, 0.000000000000, 14.667827000000], 
[0.529513000000, -2.008298000000, -14.184648000000], 
[8.210459000000, -1.140209000000, -4.130800000000], 
[4.783569000000, -2.181396000000, -13.184438000000], 
[11.450865000000, -2.972915000000, 1.611437000000], 
[-4.224145000000, 2.310672000000, -9.122015000000], 
[-10.210864000000, 2.614424000000, 2.423766000000], 
[-11.974538000000, -2.940811000000, 3.786328000000], 
[-10.389286000000, 2.034984000000, 9.636232000000], 
[12.097514000000, 2.990402000000, 1.621452000000], 
[3.354160000000, -2.629275000000, 9.972325000000], 
[7.918229000000, -2.930339000000, 8.094185000000], 
[12.169315000000, -2.304534000000, -6.689241000000], 
[13.146101000000, 2.498839000000, 3.584285000000], 
[2.088630000000, 2.996973000000, -11.645353000000], 
[-7.746117000000, 0.720170000000, -4.686784000000], 
[-6.169010000000, 2.060820000000, 7.596353000000], 
[-2.451124000000, -1.043784000000, 14.573788000000], 
[2.848980000000, 1.536578000000, 8.946633000000], 
[-14.122911000000, 1.526024000000, -3.494362000000], 
[-4.840756000000, 0.396581000000, -7.578089000000], 
[2.258227000000, -2.450311000000, -13.509356000000], 
[9.733929000000, -2.032665000000, -0.705932000000], 
[-8.973537000000, -2.042148000000, -10.958186000000], 
[-12.758492000000, -2.740929000000, 3.328259000000], 
[5.908118000000, -2.806161000000, -11.609966000000], 
[5.539333000000, 1.604705000000, 7.633000000000], 
[14.054462000000, 1.866567000000, -2.716124000000], 
[-3.687046000000, -2.573704000000, 9.750651000000], 
[-12.377913000000, -2.896991000000, -3.038065000000], 
[14.591435000000, 1.397035000000, -0.925750000000], 
[4.046445000000, 1.168276000000, 14.162352000000], 
[-6.169406000000, -1.133270000000, 6.808918000000], 
[-14.790413000000, -0.997425000000, -0.378127000000], 
[7.559026000000, -1.044983000000, 12.698475000000], 
[9.748924000000, 2.689129000000, 4.252479000000], 
[4.730052000000, -0.659497000000, -7.702954000000], 
[-7.514561000000, -2.584535000000, 11.202134000000], 
[-8.696543000000, 1.775848000000, 11.457088000000], 
[0.779631000000, 2.519991000000, 10.308698000000], 
[7.902034000000, -2.905825000000, -9.957150000000], 
[-8.051784000000, -2.316851000000, -6.031079000000], 
[-5.847120000000, 2.691081000000, 8.889344000000], 
[11.917138000000, -2.335944000000, -7.053867000000], 
[2.740208000000, -2.410924000000, -9.804857000000], 
[11.303115000000, -2.994980000000, -4.427660000000], 
[8.456862000000, -2.903752000000, 9.501195000000], 
[9.652115000000, 1.599407000000, -10.826018000000], 
[-6.066982000000, -1.720801000000, 7.321433000000], 
[-3.914241000000, 2.537891000000, 9.598781000000], 
[-14.451904000000, -0.987319000000, -3.185375000000], 
[-5.630202000000, -1.375836000000, -7.402083000000], 
[8.318349000000, -2.498453000000, 10.792961000000], 
[-13.725379000000, -1.506594000000, -4.859266000000], 
[-13.031507000000, 0.000000000000, 7.359231000000], 
[-7.285027000000, -2.758302000000, 7.954244000000], 
[-0.314102000000, -2.513670000000, -13.599801000000], 
[8.962206000000, 2.786601000000, -9.523167000000], 
[-1.323275000000, 2.935708000000, -12.513892000000], 
[-7.404125000000, 2.801999000000, -10.731328000000], 
[7.823416000000, 1.906936000000, -5.649425000000], 
[7.325539000000, -2.577597000000, -7.425762000000], 
[2.735611000000, 2.420247000000, -9.819283000000], 
[6.634775000000, -2.615676000000, -11.682429000000], 
[11.342440000000, -1.535221000000, 9.102611000000], 
[5.353552000000, -2.886356000000, -9.778433000000], 
[-1.562215000000, -1.257193000000, 9.109050000000], 
[-9.245659000000, 1.449108000000, 1.317851000000], 
[8.530107000000, 0.981594000000, 3.257792000000], 
[-0.315554000000, -2.860855000000, 12.865097000000], 
[4.355388000000, -1.981646000000, 13.534752000000], 
[-9.149804000000, -2.917377000000, -8.757091000000], 
[-9.788688000000, 2.981695000000, 7.442658000000], 
[7.962786000000, 2.927162000000, -9.794558000000], 
[11.422089000000, 0.941045000000, -9.434253000000], 
[2.992961000000, 2.811031000000, 12.664973000000], 
[-7.913089000000, -2.975440000000, -8.458416000000], 
[-9.574617000000, -1.933112000000, 1.367426000000], 
[3.049708000000, 2.192466000000, -13.677743000000], 
[4.686324000000, -0.719730000000, -14.120979000000], 
[-13.538204000000, 2.105678000000, 3.950293000000], 
[-8.855446000000, -2.860965000000, 9.337150000000], 
[-7.403792000000, 2.170205000000, 11.925881000000], 
[-12.172429000000, -2.734661000000, 5.104661000000], 
[6.302355000000, 2.999274000000, 10.249260000000], 
[6.196668000000, -2.859444000000, -11.283896000000], 
[3.962801000000, -2.194642000000, -13.439205000000], 
[0.315163000000, -1.005184000000, -14.789141000000], 
[13.216115000000, -1.786684000000, -5.656772000000], 
[12.247444000000, 2.452411000000, -6.125430000000], 
[11.810355000000, -2.995993000000, -0.113865000000], 
[13.963271000000, -1.194827000000, -4.651663000000], 
[-8.793089000000, 2.580426000000, 10.238436000000], 
[-1.246198000000, -0.708369000000, 14.828807000000], 
[-12.009974000000, -1.041797000000, 8.613106000000], 
[14.185191000000, -1.299249000000, 3.740112000000], 
[7.307745000000, -1.029316000000, -12.851367000000], 
[-6.496772000000, 0.885174000000, 13.333810000000], 
[8.612751000000, -2.493557000000, 5.645155000000], 
[-8.647490000000, 0.064220000000, -2.370820000000], 
[-11.122365000000, -0.720905000000, -9.881701000000], 
[7.317007000000, 2.913851000000, -8.548214000000], 
[6.308269000000, 2.732510000000, 11.599868000000], 
[-5.416777000000, 2.897812000000, -11.533568000000], 
[-13.391421000000, -2.595220000000, 1.460658000000], 
[0.532899000000, -2.133733000000, 9.842659000000], 
[-6.353860000000, -2.797077000000, 8.833534000000], 
[-0.000116000000, -2.837587000000, 10.992206000000], 
[-3.802738000000, 2.688295000000, -12.742137000000], 
[-13.348388000000, 2.405699000000, 3.333313000000], 
[-8.585263000000, -0.493214000000, 2.722951000000], 
[-9.949810000000, 2.323584000000, -1.540057000000], 
[10.330099000000, 0.297726000000, 10.808536000000], 
[8.737167000000, 2.108205000000, -4.507924000000], 
[2.552020000000, 0.000000000000, -14.746717000000], 
[10.490021000000, 2.909457000000, 7.154234000000], 
[8.570046000000, -1.446163000000, 3.707149000000], 
[13.553027000000, -0.298171000000, 6.312648000000], 
[-4.850023000000, 2.480683000000, 9.062659000000], 
[14.790630000000, 0.996532000000, -0.381943000000], 
[-9.983551000000, 2.997833000000, 6.800952000000], 
[-5.912723000000, -0.640237000000, -6.831644000000], 
[13.062101000000, -0.273925000000, -7.279082000000], 
[-3.049708000000, 2.192466000000, -13.677743000000], 
[13.700662000000, -2.178026000000, -3.017247000000], 
[-2.985097000000, -0.760342000000, 14.565211000000], 
[2.012279000000, 0.362673000000, 14.807805000000], 
[11.514173000000, 0.215814000000, 9.548283000000], 
[-8.913818000000, -2.158715000000, 10.859230000000], 
[3.901236000000, -0.055765000000, -8.073239000000], 
[11.864240000000, -2.225659000000, 7.389856000000], 
[11.160807000000, 2.325104000000, -8.220837000000], 
[-10.060814000000, -2.404985000000, 1.503768000000], 
[-8.841379000000, 0.255782000000, -1.553563000000], 
[10.617919000000, -2.680101000000, 0.013364000000], 
[-0.836044000000, 1.267353000000, -14.661249000000], 
[11.969630000000, 2.191854000000, -7.288875000000], 
[-11.848433000000, -1.399797000000, -8.563823000000], 
[1.601400000000, -0.614459000000, -14.816016000000], 
[-7.307735000000, -1.029327000000, -12.851368000000], 
[-3.363230000000, 2.949489000000, -10.911139000000], 
[-10.370777000000, -2.724333000000, 2.673037000000], 
[-10.380955000000, -2.614652000000, -1.542943000000], 
[4.216384000000, 0.000000000000, 14.359685000000], 
[3.214454000000, 1.097938000000, -8.592457000000], 
[6.859443000000, 2.519088000000, 7.732801000000], 
[-7.307574000000, 1.029281000000, -12.851479000000], 
[-0.347304000000, -2.325750000000, -10.064956000000], 
[9.742681000000, -2.848723000000, 5.161109000000], 
[-13.915495000000, 0.632977000000, 5.321704000000], 
[5.676761000000, 0.629505000000, -13.775274000000], 
[-2.754271000000, -2.930983000000, 12.301130000000], 
[-13.916822000000, -0.424556000000, 5.421965000000], 
[-1.201905000000, -0.308266000000, 14.901638000000], 
[-13.098038000000, -0.878158000000, -6.964477000000], 
[-10.882839000000, 2.972513000000, -5.882826000000], 
[-6.594979000000, 0.947999000000, -13.263000000000], 
[-8.698116000000, -2.615408000000, -5.875023000000], 
[7.051804000000, -2.290848000000, 7.130978000000], 
[8.968025000000, -0.849366000000, -1.475884000000], 
[9.956303000000, 2.974625000000, -5.906640000000], 
[-14.675615000000, -0.269696000000, -2.870776000000], 
[6.542996000000, 2.946647000000, 10.685011000000], 
[-1.106054000000, -2.462997000000, 10.193288000000], 
[-3.182173000000, 2.865823000000, 12.452921000000], 
[-7.158824000000, -1.365488000000, 12.767026000000], 
[-7.474164000000, -1.722437000000, -5.879653000000], 
[-8.770410000000, -0.655189000000, -2.184332000000], 
[6.828049000000, 2.803045000000, 11.103547000000], 
[8.972014000000, -2.787321000000, -9.511443000000], 
[-13.680589000000, -1.804714000000, -4.372536000000], 
[-3.787188000000, 0.842765000000, 14.353894000000], 
[14.266839000000, -1.445636000000, -3.075769000000], 
[7.557684000000, 2.975381000000, 9.766808000000], 
[6.436732000000, -2.696307000000, 8.485557000000], 
[-14.939809000000, 0.394602000000, 0.032871000000], 
[7.887092000000, 0.312149000000, -12.699807000000], 
[-10.087688000000, -2.099411000000, 9.864079000000], 
[3.576951000000, 1.012592000000, 8.413143000000], 
[12.019843000000, -2.634971000000, -5.923370000000], 
[-7.556231000000, -0.274013000000, 12.903745000000], 
[1.049669000000, 0.841096000000, -9.025396000000], 
[3.679363000000, 1.855194000000, 13.842871000000], 
[-10.267405000000, 2.495270000000, 0.824898000000], 
[11.782983000000, -2.572263000000, 6.608694000000], 
[-1.157996000000, 0.323788000000, 14.903465000000], 
[-11.690069000000, -2.988586000000, -0.580365000000], 
[14.590243000000, 0.245140000000, -3.286805000000], 
[-1.659172000000, 2.565127000000, -10.277167000000], 
[-3.148465000000, 2.998935000000, 11.627101000000], 
[6.771135000000, 2.904107000000, -10.766063000000], 
[5.332666000000, 2.892230000000, -9.813768000000], 
[4.161772000000, -2.984105000000, -10.889303000000], 
[1.471074000000, -1.961974000000, 14.159202000000], 
[4.477922000000, 1.426711000000, 8.181616000000], 
[-11.381161000000, -0.789600000000, 9.554724000000], 
[-10.206115000000, -2.987610000000, 5.707368000000], 
[8.396741000000, -1.618068000000, 4.313031000000], 
[-8.723708000000, -2.343015000000, -5.074660000000], 
[-10.618056000000, -2.680170000000, 0.012852000000], 
[1.515762000000, -2.931575000000, 11.226971000000], 
[-9.154933000000, 1.418316000000, 1.758840000000], 
[-10.314562000000, 1.313488000000, -10.421893000000], 
[-4.728078000000, -2.005758000000, -13.386367000000], 
[-14.045999000000, 1.047381000000, 4.590606000000], 
[-10.467625000000, 2.818973000000, 3.178490000000], 
[13.868460000000, 2.264656000000, -1.344505000000], 
[5.108387000000, 2.941699000000, -10.166039000000], 
[-14.321828000000, 1.053882000000, -3.630038000000], 
[-12.344050000000, -0.682954000000, 8.321737000000], 
[9.857041000000, 2.912815000000, 7.982483000000], 
[-4.393518000000, 2.999474000000, -11.190509000000], 
[-12.985663000000, -2.811922000000, 0.818322000000], 
[-1.882239000000, -0.367310000000, 14.824323000000], 
[-8.968966000000, -0.162511000000, -0.155540000000], 
[5.480708000000, -2.936247000000, 9.939861000000], 
[7.473774000000, -2.999977000000, -9.329858000000], 
[-12.526691000000, -2.747801000000, -4.065493000000], 
[-11.331937000000, -2.935155000000, 5.477388000000], 
[10.512832000000, 1.687556000000, 9.908326000000], 
[-0.442151000000, -1.704972000000, -9.487198000000], 
[4.533328000000, 1.030699000000, 7.946348000000], 
[-4.114713000000, -0.232276000000, 7.976105000000], 
[9.286891000000, -2.508686000000, 4.502434000000], 
[1.578163000000, -0.383295000000, -8.850900000000], 
[-10.457134000000, -2.832348000000, -3.338323000000], 
[9.300476000000, 1.899465000000, -2.550430000000], 
[8.740171000000, -2.825335000000, 9.589056000000], 
[-6.308275000000, 2.732510000000, 11.599864000000], 
[9.011422000000, -0.535637000000, -0.220321000000], 
[11.105198000000, 2.925291000000, -2.092254000000], 
[13.544801000000, 0.912341000000, -6.023613000000], 
[13.801876000000, 0.791102000000, 5.506326000000], 
[-10.521567000000, 2.949341000000, 4.432019000000], 
[9.705188000000, 2.451663000000, -3.256410000000], 
[11.336199000000, -2.047634000000, 8.482456000000], 
[-9.177106000000, -1.244634000000, 1.043829000000], 
[2.072099000000, -2.691237000000, 10.436588000000], 
[1.957863000000, 2.816096000000, 12.851849000000], 
[13.440244000000, -2.533298000000, 1.892965000000], 
[11.823125000000, 2.863019000000, -5.064271000000], 
[3.686973000000, -2.573699000000, 9.750669000000], 
[8.497642000000, -1.569058000000, 11.777262000000], 
[4.208915000000, 1.118193000000, -8.160628000000], 
[2.537685000000, -1.537450000000, 14.318867000000], 
[-12.564422000000, -2.930649000000, -1.038118000000], 
[-14.779952000000, 0.183685000000, 2.315826000000], 
[-14.745303000000, 0.654004000000, 2.097614000000], 
[-6.734171000000, 2.700290000000, -11.437786000000], 
[7.883199000000, 1.688702000000, -5.276907000000], 
[-7.591453000000, 1.238884000000, 5.256462000000], 
[-8.096004000000, -1.465921000000, -4.674217000000], 
[13.142473000000, -1.886732000000, 5.631874000000], 
[9.610446000000, -2.372410000000, -3.201583000000], 
[-6.959965000000, 1.566161000000, 12.748501000000], 
[-6.865063000000, 2.679593000000, 8.098755000000], 
[-13.761950000000, 0.298080000000, 5.843207000000], 
[0.868757000000, 2.968108000000, 12.371719000000], 
[-9.591431000000, -2.384693000000, 3.307454000000], 
[-4.841728000000, 1.974319000000, -8.413451000000], 
[1.324173000000, -2.935856000000, -12.513092000000], 
[3.122981000000, -1.598420000000, -8.894891000000], 
[-8.489394000000, -1.417996000000, -3.851403000000], 
[1.613434000000, 1.564518000000, -9.266758000000], 
[-12.397450000000, 2.485289000000, -5.702783000000], 
[-0.515831000000, -0.721882000000, -9.039351000000], 
[-10.569834000000, 2.993642000000, 6.014287000000], 
[-12.986824000000, 2.189490000000, -5.273800000000], 
[-7.174599000000, 1.227343000000, 5.804275000000], 
[0.000000000000, 1.026060000000, -9.146832000000], 
[7.979449000000, -0.919700000000, -4.396259000000], 
[8.249142000000, 0.179657000000, -3.526439000000], 
[-8.173689000000, 1.710814000000, 4.844594000000], 
[-11.399105000000, 2.984787000000, 2.472514000000], 
[8.008810000000, 2.693782000000, 7.013214000000], 
[-1.277878000000, 2.448185000000, -10.151905000000], 
[-5.208887000000, -2.884921000000, 11.679989000000], 
[9.300938000000, 2.019514000000, 10.709289000000], 
[9.530270000000, 2.582338000000, -4.259832000000], 
[-9.912522000000, -2.984431000000, 7.233462000000], 
[-5.803901000000, 1.967899000000, 7.773969000000], 
[-12.947943000000, -2.621524000000, 3.545296000000], 
[-6.524063000000, 1.643232000000, -6.844852000000], 
[-10.479924000000, 2.927438000000, -7.034156000000], 
[-9.485463000000, 2.845357000000, -8.767345000000], 
[-1.795824000000, 2.999657000000, 11.784490000000], 
[3.664043000000, -2.969177000000, -11.840905000000], 
[-6.764897000000, 2.627997000000, 11.581911000000], 
[-7.367750000000, 2.923427000000, -10.269878000000], 
[9.354043000000, -2.431411000000, -4.088618000000], 
[8.997852000000, 0.739855000000, -1.047085000000], 
[-10.855737000000, 2.982767000000, 4.213628000000], 
[8.156830000000, 2.142434000000, -11.459311000000], 
[-5.100378000000, 0.607968000000, 14.003758000000], 
[14.480979000000, -1.604404000000, 0.758752000000], 
[12.454387000000, 2.461958000000, 5.660025000000], 
[1.448716000000, -2.277082000000, 13.843490000000], 
[10.328353000000, -2.188213000000, 9.478074000000], 
[-3.771732000000, 2.946041000000, 11.951302000000], 
[-2.758664000000, 1.808254000000, 9.165987000000], 
[0.347958000000, -0.471355000000, 8.996444000000], 
[-8.462941000000, 2.999923000000, -8.489872000000], 
[-8.143980000000, -1.472320000000, -12.093194000000], 
[-4.866709000000, 2.249012000000, 8.713499000000], 
[-4.923895000000, -0.968504000000, -7.684339000000], 
[-14.682742000000, 0.768664000000, -2.325520000000], 
[8.597110000000, 0.079677000000, 2.548769000000], 
[-2.201143000000, 1.431394000000, -14.435555000000], 
[12.519095000000, 2.747296000000, -4.092531000000], 
[-10.694322000000, 1.424218000000, -9.948626000000], 
[3.910029000000, 1.269428000000, 8.380454000000], 
[-1.235391000000, 1.674572000000, 14.402161000000], 
[3.914207000000, 2.537889000000, 9.598791000000], 
[11.988486000000, -2.996605000000, -1.701182000000], 
[-1.216297000000, -2.808245000000, 10.842554000000], 
[13.759663000000, -0.301447000000, 5.847726000000], 
[-8.641987000000, -1.745027000000, -11.526225000000], 
[-0.336234000000, 2.056505000000, 14.146127000000], 
[12.633830000000, 2.679933000000, 4.201781000000], 
[4.875958000000, -2.972094000000, -10.478778000000], 
[-13.469865000000, -2.063347000000, -4.313451000000], 
[-14.531630000000, 1.540319000000, -0.501680000000], 
[0.288370000000, -2.888176000000, 11.150738000000], 
[11.286720000000, 2.969370000000, -2.396371000000], 
[-12.187925000000, 2.959255000000, 2.583202000000], 
[1.825413000000, -1.006429000000, -8.955621000000], 
[-9.141599000000, -2.804862000000, 9.285349000000], 
[1.881347000000, 1.128631000000, 8.991595000000], 
[-11.745601000000, -2.096119000000, 7.822611000000], 
[3.782383000000, -1.863228000000, -8.839414000000], 
[11.577507000000, -2.974857000000, 0.137438000000], 
[11.175477000000, 2.717050000000, 7.095588000000], 
[2.854054000000, -1.020456000000, 14.508976000000], 
[-0.288585000000, -2.888178000000, 11.150739000000], 
[-11.000828000000, -2.521040000000, 7.982847000000], 
[-8.800989000000, 0.384039000000, 1.836670000000], 
[-3.611081000000, -1.399506000000, 8.583703000000], 
[-10.403993000000, -2.764255000000, -2.898468000000], 
[-3.568553000000, -1.512184000000, -8.669158000000], 
[-12.873119000000, 0.813427000000, -7.410135000000], 
[-1.633772000000, 0.691428000000, -8.897929000000], 
[7.827324000000, 0.521330000000, -4.465548000000], 
[-13.205767000000, 2.728017000000, 0.468565000000], 
[-13.994633000000, 0.916222000000, -4.884566000000], 
[-11.769130000000, 2.977073000000, 3.696871000000], 
[6.701722000000, 2.710902000000, -8.316884000000], 
[-10.874568000000, 2.869134000000, 2.172812000000], 
[0.645127000000, 2.921208000000, -12.632488000000], 
[-10.088808000000, -0.679829000000, -10.948266000000], 
[11.002441000000, -2.901736000000, -6.397969000000], 
[11.142335000000, -0.258756000000, -9.974584000000], 
[11.335987000000, -2.446294000000, 7.697604000000], 
[-9.002593000000, -2.785162000000, 6.057970000000], 
[-7.601948000000, 0.754416000000, 12.779379000000], 
[5.503548000000, -1.580645000000, -13.431949000000], 
[8.970564000000, 0.460176000000, -0.744597000000], 
[-9.061224000000, 1.051948000000, 1.316696000000], 
[-0.723275000000, 1.101168000000, -9.146762000000], 
[-9.955519000000, -2.589156000000, 3.178358000000], 
[-11.734665000000, -2.021974000000, -7.964319000000], 
[-7.308911000000, 1.092954000000, 12.823009000000], 
[10.597624000000, -2.704767000000, 1.224477000000], 
[-7.179996000000, -0.224223000000, 13.121548000000], 
[-11.974655000000, 2.190654000000, -7.283087000000], 
[-11.127714000000, 2.956808000000, -2.734091000000], 
[-2.769250000000, -0.839060000000, -14.585624000000], 
[8.939393000000, -2.960571000000, -7.204403000000], 
[-5.898761000000, -1.368956000000, 7.185318000000], 
[-3.108678000000, 2.971226000000, 11.983773000000], 
[4.165945000000, -0.699765000000, -14.288221000000], 
[-14.859986000000, 0.493629000000, -1.391768000000], 
[11.940184000000, -2.999992000000, -0.881500000000], 
[12.281830000000, -2.685208000000, -5.113204000000], 
[-3.999546000000, 1.966143000000, 13.658255000000], 
[0.859496000000, 0.595322000000, -14.881449000000], 
[2.780062000000, 2.996949000000, 11.499359000000], 
[-10.944973000000, -2.821141000000, 0.111093000000], 
[-13.202465000000, 0.997190000000, 6.678075000000], 
[-12.622536000000, 0.725680000000, 7.873457000000], 
[5.150904000000, -0.493141000000, -14.008099000000], 
[-1.013965000000, -2.614774000000, 10.446116000000], 
[-10.093418000000, 2.989499000000, -6.882642000000], 
[-10.349593000000, 2.978120000000, -6.697384000000], 
[8.967864000000, -1.677150000000, -3.069127000000], 
[-7.895887000000, -2.599008000000, 10.906062000000], 
[-3.269457000000, -1.697259000000, -14.064625000000], 
[-13.950665000000, -1.210396000000, -4.667910000000], 
[-3.462150000000, -0.497509000000, -14.517243000000], 
[4.393517000000, 2.999474000000, -11.190509000000], 
[-4.375284000000, -2.165414000000, 13.343174000000], 
[12.199856000000, -0.936934000000, 8.406718000000], 
[4.330334000000, 2.146441000000, -8.869348000000], 
[-1.092103000000, -1.162358000000, -9.135193000000], 
[2.814478000000, -1.695330000000, -9.063951000000], 
[8.326809000000, 1.254447000000, -4.007015000000], 
[13.689739000000, 2.385697000000, 1.616299000000], 
[-14.412890000000, -1.426383000000, -2.361812000000], 
[8.632305000000, -0.799154000000, 2.797572000000], 
[-6.707998000000, 0.298419000000, 5.971377000000], 
[-11.278526000000, 2.977765000000, 2.717669000000], 
[10.581271000000, 1.013119000000, -10.333000000000], 
[9.863711000000, -2.587001000000, -3.441614000000], 
[-4.863908000000, -1.351250000000, 7.911966000000], 
[-5.321964000000, 2.712194000000, 9.263836000000], 
[0.000000000000, 2.998172000000, -12.070608000000], 
[-13.389264000000, 1.520204000000, 5.700405000000], 
[6.072275000000, 2.062026000000, -7.675352000000], 
[10.693104000000, 1.425687000000, -9.948771000000], 
[10.038106000000, 2.433959000000, 1.877082000000], 
[-9.158413000000, 2.846986000000, -9.101515000000], 
[-10.540521000000, -2.967917000000, 6.537878000000], 
[-5.092638000000, -2.761213000000, -9.515989000000], 
[12.215728000000, -2.989555000000, 0.086347000000], 
[14.965910000000, 0.000000000000, 0.000000000000], 
[14.413582000000, 1.424625000000, -2.363454000000], 
[4.156265000000, -2.869570000000, -10.282728000000], 
[6.249715000000, -2.991474000000, 10.468245000000], 
[3.706630000000, 0.732709000000, -14.405840000000], 
[5.628178000000, 2.779397000000, -9.260627000000], 
[12.082740000000, 1.898388000000, -7.627520000000], 
[-1.320008000000, 0.671460000000, 8.945148000000], 
[-10.076379000000, 2.626262000000, -8.857513000000], 
[-8.722291000000, -1.595136000000, 3.571385000000], 
[-12.749844000000, -2.834392000000, 2.261614000000], 
[7.749341000000, 2.366961000000, -11.429788000000], 
[-11.608529000000, -2.961381000000, -4.487559000000], 
[13.286024000000, -0.786756000000, -6.657939000000], 
[3.165643000000, 0.332933000000, -8.408263000000], 
[-4.969157000000, 2.220122000000, 13.070901000000], 
[9.912727000000, -2.984507000000, 7.231925000000], 
[-9.998167000000, -2.585059000000, -3.017474000000], 
[0.249669000000, -1.703360000000, 14.433278000000], 
[-0.778207000000, -2.998603000000, -11.848845000000], 
[11.733783000000, 2.019950000000, -7.968903000000], 
[-9.011423000000, -0.535640000000, -0.220330000000], 
[-7.006531000000, -0.863807000000, -13.080530000000], 
[-11.274965000000, -2.919575000000, 0.146925000000], 
[-3.979314000000, 2.351366000000, -13.244096000000], 
[-12.591546000000, 2.761719000000, 3.748339000000], 
[9.650199000000, -2.999706000000, 7.003824000000], 
[-5.597460000000, 0.662056000000, -7.098435000000], 
[11.593928000000, -1.845656000000, 8.423646000000], 
[0.000000000000, 2.364032000000, -10.118926000000], 
[-7.404663000000, -0.293380000000, -5.081001000000], 
[7.359231000000, 0.000000000000, 13.031507000000], 
[11.483514000000, 2.971646000000, 4.618318000000], 
[-0.807924000000, 1.448262000000, -9.303628000000], 
[7.332257000000, 2.480731000000, 7.203746000000], 
[12.107676000000, 0.000000000000, 8.796741000000], 
[-9.503864000000, -2.120753000000, 2.565411000000], 
[10.961501000000, -1.979690000000, -9.058327000000], 
[-5.436554000000, 0.964864000000, 7.329056000000], 
[4.933010000000, -1.887454000000, -8.275298000000], 
[4.626298000000, 2.300424000000, 13.098559000000], 
[-12.048170000000, 0.768725000000, 8.708161000000], 
[7.968536000000, 2.689208000000, 10.643132000000], 
[-7.847417000000, 1.282197000000, 12.404219000000], 
[-9.601234000000, -2.983716000000, 7.652912000000], 
[-9.115114000000, -0.956006000000, 0.362301000000], 
[8.164381000000, 1.092520000000, -4.179347000000], 
[8.814158000000, -0.147753000000, -1.662365000000], 
[13.961472000000, -1.446676000000, 4.250134000000], 
[8.176368000000, -2.544756000000, -10.810947000000], 
[1.516369000000, -0.474072000000, 14.851002000000], 
[8.973852000000, -2.041933000000, -10.958186000000], 
[-9.382849000000, 2.157659000000, 3.099582000000], 
[12.025855000000, 2.991111000000, -2.034145000000], 
[-12.549065000000, 2.826819000000, 3.279245000000], 
[5.923002000000, -2.655313000000, 11.977622000000], 
[14.892293000000, 0.226600000000, 1.393421000000], 
[-5.469158000000, -0.534056000000, -7.165013000000], 
[8.065930000000, -2.945817000000, -9.593198000000], 
[-14.267207000000, 1.444230000000, -3.077729000000], 
[4.053534000000, -2.636921000000, -9.724268000000], 
[-5.603249000000, 1.262031000000, 7.352570000000], 
[-9.152830000000, 2.526800000000, -10.036241000000], 
[-4.081989000000, -2.954454000000, -11.800614000000], 
[-13.543948000000, -2.215456000000, -3.499390000000], 
[-9.179622000000, 2.058629000000, -3.384569000000], 
[-5.585212000000, -0.242328000000, -7.026296000000], 
[-4.765654000000, -1.570615000000, 8.113867000000], 
[9.567204000000, -0.331623000000, -11.484647000000], 
[-8.518403000000, -0.458249000000, -2.908073000000], 
[14.460306000000, -1.569154000000, -1.345976000000], 
[-5.314399000000, -1.971345000000, -8.120052000000], 
[-7.117424000000, -0.874647000000, 5.664266000000], 
[-1.324173000000, -2.935856000000, -12.513092000000], 
[7.075611000000, -1.139421000000, 5.865572000000], 
[2.475751000000, 2.177400000000, -9.587705000000], 
[0.875455000000, -2.213148000000, 9.901951000000], 
[14.263913000000, 1.734200000000, -2.073808000000], 
[-13.658203000000, 0.624953000000, 5.955358000000], 
[-2.236547000000, 1.282780000000, 14.506425000000], 
[8.354542000000, 1.416226000000, 11.986276000000], 
[-6.382839000000, 2.749204000000, -11.516124000000], 
[5.505477000000, 2.081507000000, -13.009318000000], 
[6.580529000000, 1.001878000000, 6.340535000000], 
[-12.235501000000, -2.986494000000, 0.601191000000], 
[-8.354558000000, 1.416227000000, 11.986264000000], 
[-9.720594000000, 2.298171000000, 2.502658000000], 
[-1.520332000000, -1.082429000000, 14.685340000000], 
[-12.317944000000, 0.584417000000, -8.398196000000], 
[7.353424000000, -0.110762000000, 5.133359000000], 
[-3.962801000000, -2.194642000000, -13.439205000000], 
[-1.137529000000, 2.999230000000, -11.979992000000], 
[9.311255000000, -1.773831000000, -2.106248000000], 
[-6.961269000000, 2.721528000000, -11.248337000000], 
[-0.788166000000, -1.288391000000, 14.653982000000], 
[8.989793000000, 2.733683000000, 5.858397000000], 
[-11.162492000000, 2.509271000000, 7.786862000000], 
[-2.506173000000, 2.718625000000, -10.399702000000], 
[13.086285000000, 0.575511000000, -7.145833000000], 
[8.259137000000, -2.996371000000, -8.861263000000], 
[7.585726000000, 1.383632000000, 12.507148000000], 
[-11.905353000000, -2.584209000000, -6.343024000000], 
[8.899289000000, -2.672722000000, -9.922230000000], 
[-3.873453000000, -2.729099000000, 9.995855000000], 
[13.480478000000, 2.588123000000, 0.261749000000], 
[7.880342000000, -2.172349000000, 5.987350000000], 
[-0.000084000000, -0.247357000000, 8.976125000000], 
[-1.525736000000, -2.998081000000, -11.760076000000], 
[10.656027000000, -2.969003000000, -6.333336000000], 
[-13.560773000000, 0.847805000000, -6.036434000000], 
[5.091724000000, 2.999577000000, -10.772881000000], 
[-5.332672000000, 2.892230000000, -9.813768000000], 
[-5.927969000000, 1.281125000000, -7.105010000000], 
[-3.339306000000, -2.758334000000, -12.714361000000], 
[8.556599000000, 2.931685000000, -7.425529000000], 
[0.446880000000, 2.977130000000, -12.327536000000], 
[-0.227488000000, -2.030271000000, 14.172704000000], 
[4.214385000000, 2.805420000000, 10.055645000000], 
[-13.363055000000, -1.560092000000, 5.701034000000], 
[9.417337000000, -1.965645000000, -2.322855000000], 
[8.954674000000, -2.950337000000, 7.091038000000], 
[9.293392000000, 1.379820000000, -11.298794000000], 
[-0.660984000000, 1.926490000000, 14.250292000000], 
[14.319729000000, 1.063170000000, -3.624060000000], 
[-8.997853000000, 0.739857000000, -1.047081000000], 
[2.634969000000, 0.946771000000, 14.576349000000], 
[0.581659000000, 0.733142000000, -9.038175000000], 
[-2.670403000000, 1.030561000000, 8.750059000000], 
[-7.027435000000, 1.814887000000, 12.516859000000], 
[7.508511000000, 0.323947000000, -12.925787000000], 
[10.336456000000, -2.131632000000, -9.555936000000], 
[-1.289042000000, -2.907877000000, -11.153935000000], 
[-10.323113000000, 1.114134000000, -10.537353000000], 
[4.601352000000, -2.452674000000, 12.897213000000], 
[-10.430305000000, 0.000000000000, 10.732530000000], 
[5.879254000000, 2.338858000000, 8.196642000000], 
[-0.368006000000, -2.395577000000, 10.153360000000], 
[2.473729000000, 2.955812000000, 12.231273000000], 
[-13.552661000000, -0.301728000000, 6.312588000000], 
[7.404663000000, -0.293380000000, -5.081000000000], 
[-4.601360000000, -2.452673000000, 12.897211000000], 
[9.822318000000, 2.147732000000, 10.060782000000], 
[1.186927000000, 2.773693000000, -13.055143000000], 
[8.827498000000, 2.286331000000, -10.747779000000], 
[11.724432000000, 2.981320000000, -3.719132000000], 
[-2.331816000000, 0.289514000000, -14.768960000000], 
[-3.968332000000, 1.332831000000, -8.386782000000], 
[-10.478949000000, -2.771265000000, 7.886141000000], 
[14.030062000000, 2.022838000000, 2.065852000000], 
[14.470785000000, -0.822303000000, 3.339005000000], 
[9.182825000000, -1.700540000000, -2.412492000000], 
[-0.581659000000, 0.733142000000, -9.038175000000], 
[7.514585000000, -2.584536000000, 11.202116000000], 
[10.835979000000, -2.957084000000, -3.730919000000], 
[-2.518895000000, 2.706826000000, -13.017935000000], 
[10.764232000000, -2.894638000000, -3.012508000000], 
[-6.030564000000, -2.061728000000, -12.795265000000], 
[-2.931892000000, -2.264432000000, 13.621786000000], 
[-5.233824000000, 2.612626000000, -12.379501000000], 
[-14.795948000000, 0.572674000000, -1.846670000000], 
[-5.932583000000, 2.925133000000, 11.152146000000], 
[4.528985000000, 2.993157000000, 11.294187000000], 
[-7.226418000000, -2.999670000000, 9.593131000000], 
[6.404152000000, -1.658876000000, 12.970681000000], 
[14.689301000000, -0.937177000000, -1.931700000000], 
[-5.967732000000, -1.264408000000, -13.419301000000], 
[11.369600000000, 1.581605000000, 9.023371000000], 
[13.607863000000, 2.334587000000, 2.578351000000], 
[6.885551000000, -0.605187000000, -5.838364000000], 
[2.547367000000, -0.568041000000, -14.692445000000], 
[10.212663000000, 1.953042000000, -9.928122000000], 
[-6.668871000000, 1.595153000000, -12.882925000000], 
[-9.203036000000, -2.999833000000, 7.697175000000], 
[0.343125000000, 1.775407000000, 14.380067000000], 
[-12.775643000000, -2.377603000000, 5.205362000000], 
[1.066805000000, 0.323367000000, 8.919821000000], 
[12.645898000000, 2.912930000000, -0.975033000000], 
[-4.639823000000, -1.627737000000, -8.227818000000], 
[4.332724000000, 1.704852000000, -13.768792000000], 
[-0.000062000000, -2.973719000000, 12.362140000000], 
[-13.804720000000, 0.927752000000, -5.387771000000], 
[-3.804609000000, 0.000000000000, -14.474233000000], 
[5.384903000000, 2.350813000000, -12.738256000000], 
[10.973773000000, -2.925921000000, 6.249362000000], 
[12.634528000000, -1.046178000000, 7.664574000000], 
[6.155619000000, 2.274031000000, -7.892534000000], 
[-11.142215000000, -0.259246000000, -9.974654000000], 
[-1.039002000000, -0.285573000000, -14.916144000000], 
[-12.335786000000, 0.227935000000, 8.458568000000], 
[-0.000041000000, -2.849198000000, 12.905097000000], 
[7.512902000000, -0.711072000000, 12.844580000000], 
[9.374419000000, -0.254343000000, 11.652276000000], 
[5.544653000000, 0.404731000000, -7.080743000000], 
[-3.435782000000, 2.996379000000, -11.615788000000], 
[-4.456479000000, 0.275502000000, 14.273716000000], 
[5.245153000000, -2.991134000000, -11.010910000000], 
[7.836954000000, -2.031666000000, -5.814802000000], 
[1.006277000000, -0.027948000000, -8.909393000000], 
[-2.380757000000, -2.977842000000, 12.097829000000], 
[9.038175000000, 0.656542000000, 0.090925000000], 
[-5.267271000000, 2.877018000000, 11.683641000000], 
[-13.478973000000, 1.426257000000, -5.623950000000], 
[-12.390535000000, -2.493478000000, -5.688669000000], 
[-7.409582000000, -2.802635000000, -10.725538000000], 
[2.005653000000, -1.114755000000, 14.614120000000], 
[7.053284000000, 2.998237000000, -9.538529000000], 
[-2.066321000000, -1.502082000000, 9.138335000000], 
[-4.684672000000, 2.977734000000, -11.406184000000], 
[-12.094271000000, 2.990609000000, 1.626141000000], 
[-3.588157000000, -0.535752000000, -8.269207000000], 
[-7.557695000000, 2.975381000000, 9.766794000000], 
[3.510613000000, -1.851553000000, 13.889577000000], 
[-9.897684000000, 2.949436000000, -7.658050000000], 
[6.222417000000, 0.506839000000, 6.514924000000], 
[14.548733000000, -0.890728000000, 2.877823000000], 
[-2.780307000000, -2.866837000000, 12.545399000000], 
[-3.334026000000, -0.312266000000, 14.573100000000], 
[-4.353904000000, -2.788280000000, -9.947815000000], 
[6.838489000000, 2.999749000000, 9.866545000000], 
[6.219745000000, -1.274192000000, 13.299325000000], 
[-8.162620000000, 1.291584000000, -4.368696000000], 
[-7.239434000000, -1.595851000000, 6.035911000000], 
[10.713552000000, 2.556078000000, 8.273704000000], 
[-9.014054000000, 1.578587000000, 2.717654000000], 
[6.111414000000, 0.114712000000, 6.563346000000], 
[-5.356711000000, 2.970585000000, 10.229123000000], 
[3.489918000000, -1.442817000000, -14.172816000000], 
[1.391925000000, -0.606959000000, 8.920003000000], 
[-8.503516000000, -2.588213000000, 6.072139000000], 
[4.460788000000, 2.936346000000, 10.437962000000], 
[-10.201752000000, -0.872701000000, -10.772010000000], 
[-10.439566000000, 2.584187000000, 0.230294000000], 
[-8.175703000000, -2.650212000000, 10.581186000000], 
[0.362380000000, -2.888086000000, -12.772535000000], 
[5.285348000000, 0.881109000000, 13.860043000000], 
[-13.080025000000, -2.190736000000, 5.034501000000], 
[14.159321000000, -0.916575000000, -4.383951000000], 
[10.211629000000, 2.614780000000, 2.423285000000], 
[9.400112000000, -2.975656000000, 6.770422000000], 
[-14.284718000000, 0.288001000000, -4.417096000000], 
[9.485727000000, 1.714335000000, 0.588890000000], 
[-11.032181000000, 1.346382000000, -9.634324000000], 
[-6.357783000000, -1.210311000000, -13.266127000000], 
[8.878798000000, 2.996656000000, 8.231567000000], 
[-7.619493000000, -2.984154000000, 9.622407000000], 
[14.389714000000, 0.312129000000, 4.053087000000], 
[9.882198000000, 2.159586000000, 0.163997000000], 
[-13.408513000000, -2.284557000000, 3.702605000000], 
[-14.919416000000, 0.213426000000, 1.077966000000], 
[12.014041000000, -1.040730000000, 8.608110000000], 
[-6.011185000000, 1.480821000000, 7.170522000000], 
[-11.988425000000, 0.843646000000, -8.754831000000], 
[7.721541000000, -1.790950000000, -12.122354000000], 
[-4.161771000000, -2.984105000000, -10.889303000000], 
[-12.818139000000, 2.753089000000, 2.970171000000], 
[5.469617000000, 2.481145000000, 8.703550000000], 
[4.605978000000, 1.915438000000, 13.511316000000], 
[-14.521143000000, 1.568079000000, 0.260139000000], 
[-1.039001000000, 0.285572000000, -14.916145000000], 
[-0.428134000000, 2.864535000000, 12.850093000000], 
[-1.367383000000, -0.988221000000, -9.030408000000], 
[-13.444906000000, -2.531301000000, 1.882375000000], 
[-3.240927000000, -0.980679000000, 14.441911000000], 
[8.635517000000, -2.449523000000, -5.491874000000], 
[-8.777634000000, -1.196074000000, -11.813048000000], 
[12.747550000000, 1.409315000000, 7.146816000000], 
[8.534402000000, 2.209339000000, -11.092121000000], 
[-1.744991000000, -2.083256000000, 9.650705000000], 
[-10.166713000000, -1.847290000000, 10.098434000000], 
[-5.979937000000, -2.965645000000, 10.884051000000], 
[-9.308919000000, -2.937463000000, 6.505032000000], 
[3.048786000000, 2.998982000000, -11.651778000000], 
[-9.211856000000, 2.095377000000, 3.399072000000], 
[-10.436855000000, 2.684849000000, -2.003462000000], 
[1.185572000000, 2.512321000000, 10.258040000000], 
[4.376887000000, 1.791410000000, 13.689657000000], 
[3.710142000000, -2.302985000000, 13.383745000000], 
[-11.643665000000, 2.640796000000, 6.610589000000], 
[-5.856940000000, 0.715617000000, 13.678088000000], 
[-9.408873000000, -1.843356000000, -10.812099000000], 
[4.113576000000, 1.797293000000, 8.634022000000], 
[1.418118000000, 0.000726000000, 8.853049000000], 
[7.297873000000, -0.793546000000, -12.943437000000], 
[-7.271034000000, 1.750075000000, -12.432444000000], 
[-7.710040000000, 2.193935000000, 6.241580000000], 
[9.518911000000, 2.311335000000, 3.234345000000], 
[9.818451000000, -2.730256000000, 4.309660000000], 
[1.280708000000, 0.000000000000, 14.911011000000], 
[-8.657398000000, 1.254003000000, -3.230726000000], 
[6.532304000000, 1.174163000000, 13.198537000000], 
[6.825526000000, 1.848674000000, -12.598475000000], 
[11.249773000000, 2.529543000000, -7.604367000000], 
[-0.900889000000, 2.957175000000, -12.438417000000], 
[12.320946000000, 2.974983000000, 0.882839000000], 
[-8.280317000000, 2.375629000000, 5.842225000000], 
[2.690322000000, -2.995295000000, 11.487120000000], 
[8.675545000000, 1.928825000000, -11.321960000000], 
[12.750023000000, 2.560500000000, -4.525024000000], 
[-7.250320000000, 0.063978000000, -5.275664000000], 
[-4.620267000000, -1.465886000000, -8.126891000000], 
[10.644311000000, -2.987853000000, 6.033962000000], 
[-13.951595000000, -0.873980000000, 5.045135000000], 
[12.488153000000, -2.337360000000, 5.981017000000], 
[-10.777958000000, 2.767024000000, 0.788765000000], 
[-9.346783000000, -2.789624000000, -5.534149000000], 
[-11.162650000000, 2.890591000000, -0.101494000000], 
[-10.136703000000, 2.637274000000, 2.872890000000], 
[10.640584000000, 2.948052000000, 4.119102000000], 
[-10.331822000000, 2.978337000000, -5.287114000000], 
[-3.672323000000, -0.288491000000, -8.194577000000], 
[13.601699000000, 2.327652000000, -2.655717000000], 
[-6.972168000000, -0.414793000000, 13.210061000000], 
[7.051873000000, -1.597250000000, 12.675823000000], 
[-7.473685000000, -2.999977000000, -9.329879000000], 
[8.761502000000, 2.282574000000, 4.859994000000], 
[-11.523774000000, -2.988450000000, 2.039798000000], 
[-12.002958000000, 2.516698000000, 6.391832000000], 
[-11.782577000000, 2.998660000000, 1.488843000000], 
[-8.562724000000, 2.263167000000, 5.158713000000], 
[-11.902833000000, -2.999894000000, 1.452309000000], 
[10.643098000000, 0.480955000000, 10.466277000000], 
[-0.252054000000, 2.919493000000, 12.653732000000], 
[13.837253000000, 1.976186000000, 3.290233000000], 
[-7.010130000000, 2.762770000000, 8.211354000000], 
[-7.839656000000, 0.784231000000, 4.561667000000], 
[10.919183000000, 1.781166000000, -9.357005000000], 
[-9.862409000000, -2.304714000000, -1.908742000000], 
[11.463120000000, -2.971155000000, -1.421270000000], 
[-9.456944000000, 2.692370000000, 9.336462000000], 
[-10.587956000000, -2.666004000000, -8.117421000000], 
[12.036294000000, 2.945127000000, 3.507973000000], 
[1.591412000000, 1.262785000000, -9.106622000000], 
[12.413935000000, 2.963874000000, -0.633301000000], 
[13.476585000000, 0.570466000000, -6.381592000000], 
[-2.018409000000, 1.049105000000, 14.637991000000], 
[11.434817000000, -1.427202000000, -9.085239000000], 
[-2.193671000000, 2.369964000000, -9.886085000000], 
[-4.251189000000, -2.972733000000, 11.615983000000], 
[-10.210100000000, -2.802012000000, 3.799443000000], 
[-7.338587000000, -2.458214000000, -7.150598000000], 
[-13.839121000000, 1.974954000000, -3.287036000000], 
[13.957647000000, -1.614509000000, -3.907978000000], 
[4.353614000000, -2.535874000000, 12.851425000000], 
[14.727677000000, -1.126161000000, -0.745135000000], 
[-5.069222000000, 1.106895000000, 13.856067000000], 
[-14.413306000000, 1.181396000000, 3.006336000000], 
[-5.729975000000, 3.000000000000, 10.506177000000], 
[-0.917942000000, -2.255966000000, 13.913190000000], 
[-6.578997000000, -1.325399000000, 6.537157000000], 
[5.585619000000, 0.059056000000, -7.014188000000], 
[11.272090000000, -2.730645000000, 6.884741000000], 
[-2.437848000000, -2.783758000000, 12.855139000000], 
[7.569226000000, -1.274802000000, -5.317302000000], 
[0.835879000000, -0.529594000000, -8.974181000000], 
[-7.100367000000, 1.650558000000, -6.252296000000], 
[0.000000000000, 2.598076000000, -10.465910000000], 
[9.856531000000, 2.594812000000, 9.183215000000], 
[0.334981000000, 1.032401000000, 9.143013000000], 
[-0.000064000000, 1.597288000000, 9.426487000000], 
[-2.346346000000, 2.734485000000, 10.472343000000], 
[-0.743154000000, -0.968299000000, -14.786683000000], 
[3.723504000000, 2.866326000000, 12.300212000000], 
[-0.967286000000, -1.934675000000, 14.225884000000], 
[8.843558000000, -2.878412000000, -9.269399000000], 
[10.810331000000, 2.800313000000, -1.312296000000], 
[11.597966000000, -2.893319000000, -5.317395000000], 
[2.896836000000, -0.538833000000, -8.536575000000], 
[12.564742000000, -2.930641000000, -1.034656000000], 
[2.495288000000, 2.853955000000, 12.646723000000], 
[14.114183000000, 1.562237000000, 3.438733000000], 
[-3.074279000000, 2.526741000000, 13.230712000000], 
[3.022103000000, -2.996855000000, 11.719879000000], 
[7.006427000000, 0.863784000000, -13.080594000000], 
[12.261505000000, -2.859683000000, 3.919327000000], 
[9.557471000000, 1.966566000000, -1.658961000000], 
[8.012711000000, 2.431847000000, -6.326430000000], 
[-2.456849000000, -2.600423000000, 10.177643000000], 
[-7.728358000000, 0.000000000000, -12.816043000000], 
[-0.548334000000, 0.311395000000, -14.939646000000], 
[-9.856698000000, 2.594855000000, 9.182928000000], 
[-12.352232000000, -2.920426000000, 2.739105000000], 
[5.491589000000, -0.706420000000, 13.831235000000], 
[-2.580313000000, 1.559962000000, -14.297458000000], 
[0.803353000000, -0.071100000000, 8.930693000000], 
[-10.812354000000, -2.696576000000, 7.711550000000], 
[7.198605000000, 2.744341000000, 7.989355000000], 
[6.030569000000, -2.061724000000, -12.795266000000], 
[2.749223000000, -1.799404000000, -14.100850000000], 
[11.240771000000, -2.914424000000, 5.861745000000], 
[-14.731384000000, -1.106477000000, -0.823905000000], 
[11.491719000000, 2.622363000000, -6.936733000000], 
[6.452589000000, 1.128856000000, -6.538655000000], 
[-4.897538000000, 0.050156000000, 7.510604000000], 
[11.048675000000, -2.975105000000, 5.521651000000], 
[-13.365713000000, 1.548799000000, -5.712231000000], 
[9.651623000000, -2.173544000000, -2.195264000000], 
[6.155772000000, 2.967559000000, -10.770930000000], 
[-2.699184000000, -1.307095000000, 14.415668000000], 
[8.329773000000, -1.012164000000, -3.766645000000], 
[12.114141000000, 2.996336000000, -0.006398000000], 
[-9.256692000000, 1.306023000000, 0.394932000000], 
[-14.653275000000, -0.775630000000, 2.493456000000], 
[14.813579000000, 0.000000000000, -2.129871000000], 
[4.166050000000, -0.647178000000, -8.018930000000], 
[-8.890414000000, 2.986338000000, -7.575041000000], 
[-13.556939000000, 2.200357000000, 3.514706000000], 
[-14.274811000000, -0.812017000000, 4.107171000000], 
[11.573835000000, 1.419146000000, 8.914582000000], 
[-8.799623000000, -0.977131000000, 11.902743000000], 
[-7.716409000000, -2.509311000000, -11.211237000000], 
[-12.393240000000, 1.797332000000, -7.269414000000], 
[-6.940643000000, 0.482612000000, 5.737352000000], 
[-4.986724000000, -0.659415000000, -7.539307000000], 
[-4.156090000000, 2.985060000000, -10.901516000000], 
[1.319902000000, 0.671465000000, 8.945165000000], 
[-9.081818000000, 1.617644000000, -2.573509000000], 
[13.557644000000, 1.545031000000, 5.246720000000], 
[-7.327402000000, 1.509129000000, -12.580332000000], 
[4.971264000000, 2.964087000000, 11.391204000000], 
[-9.906004000000, 2.399720000000, -9.559374000000], 
[-9.121133000000, 2.603413000000, -5.151174000000], 
[-6.774003000000, -2.775703000000, 8.447039000000], 
[8.582332000000, 2.986860000000, -8.735990000000], 
[7.491278000000, 1.263355000000, -5.417452000000], 
[-11.432491000000, -0.226522000000, -9.644705000000], 
[10.509344000000, 2.992962000000, -6.139518000000], 
[12.386566000000, 1.798342000000, -7.279289000000], 
[10.230618000000, -2.929257000000, -4.841224000000], 
[13.820060000000, 0.310076000000, -5.701205000000], 
[-5.759417000000, 2.999065000000, -10.403128000000], 
[10.595640000000, 1.348303000000, 10.111051000000], 
[12.343287000000, -2.922038000000, 2.747574000000], 
[1.967375000000, 1.434754000000, -9.121485000000], 
[8.770413000000, -0.655195000000, -2.184328000000], 
[4.700001000000, -2.916643000000, 11.764053000000], 
[-11.029982000000, -2.973172000000, 3.478890000000], 
[-12.604769000000, -0.735667000000, 7.897146000000], 
[-9.436340000000, 1.965410000000, 2.243534000000], 
[3.543230000000, -2.979075000000, 11.799095000000], 
[-12.153002000000, -1.181360000000, 8.311826000000], 
[9.472485000000, -2.524198000000, 9.740776000000], 
[7.511899000000, 2.833042000000, -8.006944000000], 
[9.446876000000, 2.996336000000, -7.583457000000], 
[3.787178000000, 0.842765000000, 14.353896000000], 
[-13.833513000000, 2.253500000000, -1.769670000000], 
[-3.999669000000, -1.986840000000, 8.856912000000], 
[11.572957000000, -0.423706000000, -9.441712000000], 
[12.061416000000, 2.915318000000, 3.891535000000], 
[-4.942003000000, 2.991038000000, 10.642736000000], 
[-5.974271000000, -2.882114000000, 11.318700000000], 
[-12.803587000000, 2.667412000000, -3.740668000000], 
[13.236344000000, 0.000000000000, -6.984101000000], 
[-12.477713000000, 2.911499000000, 2.307139000000], 
[4.224329000000, -2.282049000000, -9.084392000000], 
[-0.983215000000, 1.578405000000, 14.483779000000], 
[-9.920094000000, -2.947766000000, -7.643596000000], 
[13.860689000000, -1.752522000000, 3.906943000000], 
[8.488676000000, -2.990533000000, -8.092151000000], 
[-13.555382000000, 0.294655000000, 6.308417000000], 
[-12.738228000000, 1.927597000000, -6.420187000000], 
[5.926159000000, -0.919760000000, -13.585127000000], 
[-10.174801000000, -2.608027000000, -2.524394000000], 
[13.310422000000, -2.107284000000, 4.655724000000], 
[-4.727744000000, 2.005574000000, -13.386661000000], 
[11.606006000000, -2.012528000000, 8.165590000000], 
[-8.556776000000, 2.931690000000, -7.425364000000], 
[-0.371640000000, 1.849036000000, 9.596289000000], 
[-7.842000000000, -1.107106000000, -4.767866000000], 
[-8.219358000000, -1.251822000000, 4.220398000000], 
[2.217713000000, -2.160424000000, 13.871228000000], 
[-14.156671000000, -2.037823000000, -0.555447000000], 
[5.391969000000, -1.332631000000, 7.550536000000], 
[1.894057000000, 1.321568000000, -14.536257000000], 
[1.202131000000, -2.113366000000, 14.043798000000], 
[-5.663818000000, 2.406430000000, 8.452333000000], 
[6.333350000000, -1.914543000000, -12.793770000000], 
[9.382008000000, -2.594499000000, -9.668251000000], 
[7.228220000000, -0.927699000000, 12.936449000000], 
[6.363903000000, 0.771039000000, -13.434022000000], 
[-14.234510000000, -1.518443000000, 3.029161000000], 
[10.206903000000, -2.558295000000, -1.989694000000], 
[9.493829000000, 2.832355000000, -5.510327000000], 
[7.464807000000, 2.509650000000, -11.379691000000], 
[-10.921588000000, 1.779125000000, -9.356512000000], 
[-3.511718000000, 1.945559000000, -9.023031000000], 
[-2.955254000000, -2.235036000000, -9.516452000000], 
[-13.600213000000, -2.515752000000, -0.018861000000], 
[-1.185737000000, 2.512332000000, 10.258038000000], 
[-12.991870000000, 1.553944000000, 6.510978000000], 
[1.199824000000, 1.539772000000, -9.314246000000], 
[-14.366147000000, 1.787185000000, -0.517590000000], 
[12.783251000000, 2.783127000000, -2.797719000000], 
[-2.867657000000, -2.544199000000, -13.248784000000], 
[3.772379000000, 2.994901000000, 11.171334000000], 
[-11.601923000000, 2.917669000000, 5.076418000000], 
[8.849677000000, -0.477338000000, 1.660586000000], 
[-5.159024000000, -1.104380000000, -13.823946000000], 
[-3.246906000000, 2.526288000000, -13.190139000000], 
[-4.914580000000, -2.623879000000, -9.291873000000], 
[-9.858817000000, -2.994858000000, -7.086546000000], 
[-8.153365000000, -1.732569000000, -11.887633000000], 
[2.129871000000, 0.000000000000, -14.813579000000], 
[8.772107000000, 2.908753000000, 7.014261000000], 
[-13.435388000000, -2.580641000000, -1.274598000000], 
[-8.981890000000, 1.225378000000, -2.115160000000], 
[-0.000121000000, -1.739352000000, 9.521599000000], 
[4.056690000000, -0.959103000000, -8.171834000000], 
[4.727743000000, 2.005574000000, -13.386661000000], 
[13.183169000000, 2.741948000000, 0.003250000000], 
[-9.435352000000, -2.718079000000, -9.281949000000], 
[13.292840000000, 0.823540000000, 6.621366000000], 
[-3.454370000000, -2.481173000000, 13.208012000000], 
[1.053765000000, 1.321711000000, -9.212686000000], 
[12.844166000000, 2.343066000000, -5.153346000000], 
[-0.950312000000, -1.661086000000, -9.419938000000], 
[2.717874000000, -2.379992000000, -13.521842000000], 
[13.283959000000, -2.525437000000, -2.845112000000], 
[-7.794666000000, 0.514686000000, 4.519990000000], 
[7.125485000000, 2.007133000000, 6.634899000000], 
[1.367383000000, -0.988221000000, -9.030408000000], 
[-6.190569000000, -2.150979000000, -12.620632000000], 
[-5.098229000000, -2.764759000000, 12.100258000000], 
[12.195328000000, 2.958279000000, 2.576336000000], 
[9.581891000000, 2.968489000000, 7.870012000000], 
[-4.975598000000, 2.659511000000, 9.334459000000], 
[-8.717844000000, 2.421776000000, 5.286178000000], 
[-1.887150000000, 1.885213000000, -14.174498000000], 
[2.893030000000, 1.723167000000, 14.128503000000], 
[-7.169610000000, 0.346887000000, -13.113857000000], 
[-8.990947000000, 1.775562000000, -3.212922000000], 
[6.154315000000, 0.582970000000, -13.579191000000], 
[-8.998108000000, 0.789663000000, 1.153191000000], 
[-9.766823000000, 0.670335000000, 11.239352000000], 
[1.479418000000, 1.948755000000, -14.169755000000], 
[13.430384000000, 0.000000000000, -6.603275000000], 
[11.503064000000, -2.923483000000, 5.237127000000], 
[3.715946000000, 2.403528000000, 9.467488000000], 
[-9.703596000000, -2.993981000000, 6.671852000000], 
[-9.781712000000, -2.059819000000, -0.246649000000], 
[-8.824574000000, 0.553993000000, -1.855344000000], 
[12.259366000000, 2.072830000000, 7.035333000000], 
[-5.103389000000, 1.598234000000, 13.577292000000], 
[8.157649000000, 2.903244000000, -7.688970000000], 
[4.291445000000, 1.326524000000, -14.014359000000], 
[-11.722907000000, 2.981538000000, -3.717474000000], 
[-5.948744000000, -1.440154000000, -7.193020000000], 
[12.332130000000, -0.227580000000, 8.463945000000], 
[0.420641000000, 1.303243000000, -14.662017000000], 
[4.285874000000, 0.911279000000, 14.191085000000], 
[9.114163000000, 2.721940000000, 9.586074000000], 
[7.239432000000, -1.595838000000, 6.035900000000], 
[9.858815000000, -2.806757000000, 4.664535000000], 
[-7.789262000000, -2.986035000000, -9.461147000000], 
[14.747716000000, 0.652734000000, 2.082612000000], 
[-3.704518000000, -1.202053000000, -14.240603000000], 
[-0.000087000000, -2.992294000000, 11.751028000000], 
[-13.286660000000, 2.523690000000, -2.845494000000], 
[-11.095040000000, -2.609604000000, 7.595306000000], 
[13.469727000000, 2.518925000000, 1.843771000000], 
[3.014109000000, -2.694465000000, 10.211320000000], 
[4.866255000000, 0.347387000000, -14.131326000000], 
[7.662956000000, 1.506742000000, -12.380432000000], 
[8.730284000000, -2.978801000000, 8.695512000000], 
[-14.476446000000, 1.640552000000, -0.182804000000], 
[7.477760000000, 1.452684000000, 5.598121000000], 
[12.736615000000, -1.999761000000, 6.283381000000], 
[-9.302463000000, -2.978453000000, -8.084888000000], 
[-8.898477000000, -1.909348000000, 3.738628000000], 
[10.104020000000, -2.855364000000, -4.462619000000], 
[-12.458537000000, -2.865662000000, 3.162237000000], 
[5.936139000000, 2.999430000000, 10.322249000000], 
[8.526885000000, 2.805816000000, -9.849528000000], 
[13.275020000000, 0.285498000000, -6.880767000000], 
[-0.349360000000, 2.734578000000, 13.195014000000], 
[-8.844953000000, -2.455402000000, 5.164349000000], 
[-9.160258000000, 2.734686000000, 5.592365000000], 
[-0.993399000000, 0.600168000000, 14.872123000000], 
[-13.753639000000, -2.006451000000, -3.516996000000], 
[6.017627000000, 2.308324000000, 12.509990000000], 
[5.167853000000, -0.967785000000, 13.874320000000], 
[2.727164000000, -2.084805000000, -13.857320000000], 
[6.269404000000, -2.008215000000, -7.450366000000], 
[4.840755000000, 0.396581000000, -7.578089000000], 
[-1.651467000000, 2.345887000000, 13.736973000000], 
[-0.685342000000, -1.923381000000, 9.639273000000], 
[-7.317060000000, 2.913855000000, -8.548190000000], 
[-9.051936000000, 1.422104000000, 2.237574000000], 
[13.950248000000, 1.209439000000, -4.670483000000], 
[14.877613000000, -0.582285000000, -0.964716000000], 
[12.242019000000, 2.858403000000, -3.992778000000], 
[8.893024000000, 1.055971000000, 2.186603000000], 
[-6.025732000000, -2.753186000000, 11.696634000000], 
[-12.599827000000, -1.448352000000, -7.362321000000], 
[3.407935000000, -1.155054000000, -8.542491000000], 
[9.328727000000, -2.221751000000, 3.460883000000], 
[-7.352387000000, -2.663354000000, 7.614949000000], 
[-9.081288000000, 1.495481000000, -2.288610000000], 
[-9.824400000000, -2.824111000000, -4.844233000000], 
[-7.477755000000, 1.452674000000, 5.598119000000], 
[8.831326000000, 0.572542000000, 12.014105000000], 
[1.229154000000, 0.284870000000, -8.894942000000], 
[-3.527989000000, -1.230566000000, 14.272334000000], 
[-5.257572000000, 2.545148000000, 8.947393000000], 
[9.185354000000, -2.999992000000, -7.679584000000], 
[-11.376026000000, 2.968084000000, 4.940058000000], 
[12.870734000000, 2.677342000000, 3.427776000000], 
[-12.062360000000, 1.107467000000, -8.495903000000], 
[6.208261000000, -2.594431000000, 11.956498000000], 
[-12.370703000000, 2.898860000000, -3.038158000000], 
[7.713525000000, 2.508902000000, -11.213978000000], 
[-4.332877000000, -1.704939000000, -13.768680000000], 
[12.347329000000, -0.681394000000, 8.317523000000], 
[-10.634078000000, -2.151009000000, -9.193422000000], 
[-13.760136000000, -2.232655000000, -2.410751000000], 
[9.693596000000, 2.011760000000, 0.953892000000], 
[-4.580379000000, 2.715106000000, 9.658888000000], 
[-13.984786000000, -0.309980000000, -5.284303000000], 
[-1.664752000000, -2.561141000000, -10.269625000000], 
[1.887888000000, -0.297675000000, -14.831434000000], 
[-10.088564000000, 2.340670000000, 0.130415000000], 
[-12.556665000000, -2.922224000000, 1.488578000000], 
[-6.715750000000, 0.659946000000, 13.292213000000], 
[14.019556000000, -1.944179000000, 2.556148000000], 
[10.496151000000, 0.288746000000, -10.648595000000], 
[-10.813197000000, -1.610805000000, -9.655641000000], 
[-7.823427000000, 1.906932000000, -5.649404000000], 
[7.911204000000, -2.978076000000, 8.488985000000], 
[-9.138519000000, -0.775129000000, 11.722937000000], 
[8.217814000000, -1.445230000000, 12.061389000000], 
[10.928879000000, 2.996726000000, -4.517619000000], 
[9.422048000000, -2.676556000000, 4.880187000000], 
[13.143806000000, -2.700175000000, 1.848971000000], 
[-7.887097000000, 0.312142000000, -12.699805000000], 
[-8.536636000000, -2.209582000000, -11.090068000000], 
[-2.950510000000, 2.922512000000, 10.896059000000], 
[5.505633000000, 1.638463000000, 13.391355000000], 
[-6.574798000000, 2.787961000000, 8.641184000000], 
[9.203273000000, 2.256581000000, -3.883497000000], 
[2.099493000000, -2.596126000000, -10.249722000000], 
[-11.618826000000, -2.848591000000, 5.620668000000], 
[7.952848000000, 2.919578000000, 9.844980000000], 
[-9.281039000000, 2.976503000000, -8.133512000000], 
[-8.189459000000, -2.892058000000, -9.789654000000], 
[10.519588000000, -2.888171000000, -3.709449000000], 
[9.754429000000, 2.174259000000, -1.684938000000], 
[-14.411012000000, -0.607550000000, 3.800577000000], 
[8.505742000000, -2.609627000000, 10.413444000000], 
[13.916718000000, -0.419417000000, 5.424243000000], 
[11.432611000000, -0.225866000000, -9.644640000000], 
[-9.557492000000, 1.966584000000, -1.658932000000], 
[-8.641047000000, 1.744772000000, -11.527158000000], 
[4.042456000000, 2.966253000000, 10.784454000000], 
[13.082004000000, -1.227068000000, 6.712196000000], 
[5.574722000000, -0.827048000000, 7.169950000000], 
[-8.947651000000, 2.159956000000, 10.829701000000], 
[-14.061023000000, -2.025083000000, -1.827516000000], 
[7.899844000000, -2.897721000000, -7.924117000000], 
[-6.656324000000, -2.966144000000, 10.480177000000], 
[12.238974000000, 2.112616000000, -6.992990000000], 
[7.929406000000, -0.860792000000, 12.543648000000], 
[-12.516022000000, 1.165868000000, 7.766922000000], 
[-7.580429000000, -2.044040000000, -11.962168000000], 
[-11.968687000000, -2.195913000000, -7.282054000000], 
[10.986468000000, -1.835663000000, 9.213961000000], 
[-14.423370000000, 1.679551000000, -0.904307000000], 
[-9.554176000000, 2.980069000000, -7.764147000000], 
[12.911412000000, -1.282359000000, -6.981388000000], 
[9.259804000000, -1.447096000000, 1.205925000000], 
[6.617939000000, 2.800554000000, -11.237601000000], 
[11.102133000000, -2.873277000000, -0.153508000000], 
[-11.325211000000, 2.564394000000, 7.389555000000], 
[6.137625000000, 2.995227000000, 10.468494000000], 
[-14.111860000000, -2.044121000000, 1.187276000000], 
[9.896754000000, -2.014442000000, -10.167660000000], 
[6.715749000000, 0.659946000000, 13.292214000000], 
[-0.775622000000, 2.997578000000, 11.819971000000], 
[-8.753242000000, 0.157170000000, -1.960151000000], 
[2.160185000000, -0.774396000000, 8.806511000000], 
[-4.856817000000, -0.993861000000, -13.976686000000], 
[1.613089000000, 2.826552000000, 12.870506000000], 
[8.803438000000, 1.700416000000, -3.555594000000], 
[-1.282918000000, 2.696612000000, 10.573723000000], 
[13.204400000000, 1.790648000000, -5.676615000000], 
[-1.050052000000, 2.886440000000, -12.740309000000], 
[-8.470812000000, -2.696699000000, -10.228081000000], 
[14.755002000000, 0.830191000000, 1.665948000000], 
[-7.501591000000, 0.082004000000, -4.912614000000], 
[10.770429000000, -2.845574000000, 7.128914000000], 
[-13.224732000000, 2.703601000000, -1.047076000000], 
[-9.478368000000, -2.772729000000, 5.219550000000], 
[9.800587000000, 0.000000000000, 11.310480000000], 
[5.531642000000, 2.957858000000, -11.172583000000], 
[7.357086000000, -2.901542000000, 10.386521000000], 
[-1.438472000000, -2.387191000000, -13.707594000000], 
[7.085647000000, -1.557806000000, -6.180020000000], 
[7.844223000000, 2.569622000000, -11.004563000000], 
[-10.389585000000, 1.506429000000, 10.200873000000], 
[4.639805000000, -2.281121000000, -8.878151000000], 
[-9.679807000000, 2.732747000000, 8.979905000000], 
[-7.075612000000, -1.139428000000, 5.865575000000], 
[-9.041626000000, -2.442775000000, -4.773613000000], 
[-6.608535000000, -2.191445000000, -7.394348000000], 
[-5.296260000000, -0.354036000000, 13.975015000000], 
[-7.839182000000, -2.728142000000, -7.309110000000], 
[11.582384000000, 2.981884000000, -4.125282000000], 
[2.881714000000, 0.246402000000, 8.500890000000], 
[0.743138000000, 2.679908000000, 13.293522000000], 
[12.911406000000, 1.252960000000, -7.010173000000], 
[-8.488449000000, -2.990528000000, -8.092290000000], 
[13.077148000000, -0.886375000000, 6.998267000000], 
[5.652445000000, 2.993384000000, -10.772087000000], 
[6.314299000000, 2.838947000000, 11.289840000000], 
[-1.515932000000, -2.931578000000, 11.226965000000], 
[-10.836609000000, -0.271404000000, -10.304286000000], 
[-0.422324000000, -2.999888000000, -11.932464000000], 
[10.149188000000, -2.572843000000, 2.373512000000], 
[14.784323000000, -1.019527000000, -0.299542000000], 
[4.778741000000, -2.580160000000, 12.622193000000], 
[1.882238000000, -0.367310000000, 14.824323000000], 
[13.906443000000, -2.066132000000, -2.565011000000], 
[4.516822000000, -1.335950000000, 13.938446000000], 
[14.177909000000, 1.323257000000, 3.721935000000], 
[-11.279032000000, 2.994815000000, -3.431970000000], 
[-10.130032000000, 2.975495000000, -7.061839000000], 
[-10.404286000000, -2.564088000000, 0.296955000000], 
[-11.955013000000, -2.963516000000, 3.411919000000], 
[-14.300243000000, -1.270250000000, -3.333849000000], 
[8.570546000000, -0.228619000000, 2.662665000000], 
[-3.962465000000, 2.194450000000, -13.439519000000], 
[13.495427000000, -1.882382000000, 4.734606000000], 
[-2.367459000000, 2.232354000000, 13.767991000000], 
[-6.850836000000, 1.292694000000, -6.228139000000], 
[8.183739000000, -0.088417000000, 3.665696000000], 
[-1.831385000000, 2.860337000000, 10.908553000000], 
[12.674991000000, -2.912257000000, -0.532201000000], 
[13.704708000000, 2.180262000000, -2.987739000000], 
[7.574251000000, -2.937729000000, 10.036715000000], 
[-1.000695000000, -1.589134000000, 14.475897000000], 
[11.835689000000, -2.867435000000, -4.998368000000], 
[-9.223924000000, -1.101136000000, -11.518423000000], 
[14.042162000000, 0.255013000000, 5.145024000000], 
[8.503468000000, -2.588134000000, 6.071973000000], 
[9.437759000000, -1.260273000000, 11.255066000000], 
[5.203993000000, 0.232160000000, -14.022400000000], 
[8.876311000000, 0.219411000000, 1.320141000000], 
[-12.231391000000, 1.478814000000, -7.928169000000], 
[1.157984000000, 0.323788000000, 14.903466000000], 
[7.635172000000, 2.899019000000, 8.186089000000], 
[12.713645000000, 2.337223000000, -5.485842000000], 
[12.698956000000, 0.205393000000, 7.905968000000], 
[-5.801532000000, -2.694362000000, -11.951470000000], 
[-11.032685000000, -2.930360000000, 2.548768000000], 
[7.684767000000, 2.196874000000, -11.712950000000], 
[8.796741000000, 0.000000000000, -12.107676000000], 
[-11.271011000000, -2.729100000000, 6.893005000000], 
[-11.537232000000, -2.700867000000, 6.559925000000], 
[-12.251402000000, -0.865925000000, -8.371139000000], 
[-5.660515000000, 2.742353000000, 9.138473000000], 
[3.269457000000, -1.697259000000, -14.064625000000], 
[-14.086596000000, 2.050205000000, -1.400442000000], 
[-1.982499000000, -2.998451000000, 11.898274000000], 
[-6.615278000000, 2.993607000000, -9.735234000000], 
[-12.861815000000, -1.881952000000, 6.255133000000], 
[-1.493631000000, 1.396276000000, 9.190062000000], 
[8.259337000000, -2.847392000000, 9.922997000000], 
[1.352546000000, 0.614493000000, -8.927643000000], 
[-6.239422000000, 2.953988000000, 10.819086000000], 
[-12.611492000000, 2.911205000000, 1.412973000000], 
[10.303024000000, 2.992631000000, -5.660910000000], 
[8.217555000000, -2.814105000000, 7.201080000000], 
[-0.623271000000, -2.967252000000, 12.392305000000], 
[-7.859965000000, -2.998943000000, -9.127773000000], 
[-10.373120000000, 0.660753000000, 10.685372000000], 
[-7.001298000000, 1.816826000000, 6.536959000000], 
[-12.368353000000, 0.268118000000, -8.404946000000], 
[-8.994542000000, -2.253064000000, 4.335893000000], 
[-12.089727000000, 1.895662000000, -7.620615000000], 
[0.780494000000, 0.894765000000, 14.808815000000], 
[13.782816000000, 1.068262000000, 5.307096000000], 
[-14.814999000000, -0.314783000000, -1.999711000000], 
[-3.069843000000, -0.912759000000, -8.575209000000], 
[-10.428633000000, -2.500996000000, -8.764823000000], 
[-2.295424000000, 2.965374000000, 11.280241000000], 
[-8.549955000000, -1.202646000000, -3.443976000000], 
[8.696510000000, 1.775846000000, 11.457115000000], 
[-11.601032000000, -2.290866000000, 7.662031000000], 
[-12.630950000000, 0.910930000000, -7.760027000000], 
[8.560042000000, -2.794017000000, -6.705043000000], 
[-13.163703000000, -2.710575000000, -1.523019000000], 
[13.753005000000, -1.621510000000, -4.562135000000], 
[14.159697000000, -1.710437000000, 2.782713000000], 
[3.113016000000, 0.732971000000, -8.505015000000], 
[-5.158961000000, 1.104351000000, -13.823982000000], 
[14.072382000000, -1.714333000000, 3.182832000000], 
[9.873034000000, -2.381687000000, -2.319105000000], 
[-12.388223000000, -2.286389000000, -6.322143000000], 
[-9.425597000000, 0.527448000000, 11.564602000000], 
[-2.230452000000, -1.807931000000, 9.308380000000], 
[-8.261295000000, 1.104570000000, 3.995255000000], 
[-8.837088000000, 2.998984000000, 7.951506000000], 
[-7.342542000000, 2.968166000000, -9.994570000000], 
[8.968901000000, -0.193072000000, 0.240668000000], 
[6.660759000000, 2.024095000000, 7.122399000000], 
[7.389165000000, 2.992682000000, -9.676720000000], 
[-6.886485000000, -2.663072000000, 8.038025000000], 
[9.584572000000, 2.998200000000, -6.988769000000], 
[2.713336000000, 2.365438000000, 9.750226000000], 
[10.832030000000, 2.817049000000, 1.491940000000], 
[-8.102549000000, -2.386063000000, 11.151540000000], 
[-9.150820000000, -2.206948000000, 3.865658000000], 
[-1.680883000000, -1.588844000000, 9.270035000000], 
[6.164268000000, -2.968314000000, -10.760166000000], 
[-14.792038000000, -0.740803000000, -1.549824000000], 
[5.912723000000, -0.640237000000, -6.831643000000], 
[-2.473895000000, -2.916919000000, -10.989773000000], 
[-0.214443000000, -2.667708000000, 10.591394000000], 
[-9.371812000000, -2.539147000000, -4.434900000000], 
[-14.745282000000, 0.985846000000, 1.263317000000], 
[-9.678196000000, 1.947091000000, -10.456753000000], 
[8.969976000000, 2.987548000000, 7.500834000000], 
[10.826057000000, -2.999782000000, 5.181377000000], 
[5.389461000000, -2.846169000000, 9.609416000000], 
[14.460810000000, -1.372737000000, 2.240949000000], 
[-9.029080000000, -0.914261000000, 1.201089000000], 
[12.394954000000, -2.493215000000, -5.679978000000], 
[-8.143799000000, -2.982163000000, -8.315698000000], 
[-11.934933000000, 2.981563000000, -2.966153000000], 
[14.667570000000, -1.111142000000, 1.581175000000], 
[9.203205000000, -2.999836000000, 7.696546000000], 
[-7.820289000000, -1.467737000000, -5.124032000000], 
[2.865617000000, -1.798778000000, 14.078136000000], 
[-7.085642000000, -1.557807000000, -6.180027000000], 
[-4.686300000000, 0.719718000000, -14.120990000000], 
[-2.502515000000, -1.127788000000, -14.531953000000], 
[12.924424000000, 1.810229000000, 6.254381000000], 
[4.914583000000, -2.623880000000, -9.291873000000], 
[10.645449000000, -0.506712000000, -10.457753000000], 
[8.489401000000, -1.417998000000, -3.851391000000], 
[-2.972087000000, 0.000000000000, -14.667827000000], 
[2.308167000000, 0.861961000000, -14.658805000000], 
[-8.594282000000, -2.512501000000, -10.547054000000], 
[-10.094204000000, -2.618774000000, 2.899364000000], 
[-11.419254000000, 1.774540000000, 8.747742000000], 
[-1.178053000000, -0.362465000000, -8.910348000000], 
[-7.168779000000, 2.997250000000, 9.740699000000], 
[1.215683000000, -1.788794000000, 14.322774000000], 
[6.764892000000, 2.627997000000, 11.581914000000], 
[-4.422093000000, 1.195242000000, 14.037475000000], 
[14.336408000000, -1.467241000000, 2.668407000000], 
[-0.958877000000, -2.254437000000, -9.940498000000], 
[-6.833421000000, 2.489264000000, -7.695444000000], 
[12.757633000000, -2.395958000000, 5.185666000000], 
[9.787705000000, -2.076611000000, 0.506537000000], 
[-10.732530000000, 0.000000000000, 10.430305000000], 
[9.966783000000, 2.884361000000, -4.978487000000], 
[11.390185000000, 2.948208000000, 0.686778000000], 
[-3.790211000000, -1.222448000000, -8.411800000000], 
[-13.700957000000, -2.437888000000, -0.603753000000], 
[-10.810437000000, 2.800338000000, -1.311963000000], 
[10.723533000000, 2.959551000000, -6.338761000000], 
[9.152258000000, 2.527018000000, -10.036301000000], 
[10.898273000000, 2.182423000000, 8.826610000000], 
[8.680830000000, 2.186964000000, -4.785131000000], 
[6.470479000000, -2.514938000000, -11.963826000000], 
[-3.027407000000, -2.990910000000, 11.335238000000], 
[9.517994000000, 1.736714000000, -0.181538000000] 
 ];
