Primitive1:=[Torus, [3.59352789944414e-08 2.41178455204946e-18 3.01339118058731e-16 -2.14474708125262e-14 7.18705579901455e-08 1.77783733312434e-14 -1.26615300242588e-12 7.18705579816868e-08 -1.02228681673273e-05 0.000344484573618053 2.21394945045477e-18 2.92963571022024e-16 -2.08464722487575e-14 2.29567590652892e-17 -3.22434105670682e-15 1.12160392881588e-13 9.00198786956263e-15 -1.92148081298178e-12 1.36461039319648e-10 -3.22441505379969e-09 3.59352789952532e-08 1.77781850097226e-14 -1.26612584208264e-12 7.18705579961637e-08 -1.02228681693886e-05 0.000344484573690989 5.42436365102782e-13 -1.15783252491748e-10 8.22277335182623e-09 -1.94294512644503e-07 3.59352789943054e-08 -1.0222868168301e-05 0.00110590675387116 -0.0538885300320377 0.998546226094925]];

Primitive2 :=[Cone, [1 1 -1 0 0 0 0 0 -15.4636 -239.123]];

Primitive3 :=[Plane, [0 0 1 -0]];

Primitive4 :=[Cylinder, [1 1 0 0 0 0 0 -0 -0 -422.039]];

Primitive5 :=[Plane, [0 0 1 -76.2]];

