Primitive1 :=[Plane, [1 0 0 -20]];

Primitive2 :=[Cylinder, [0 1 1 0 0 0 -0 0 -0 -49]];

Primitive3 :=[Cylinder, [0 1 1 0 0 0 -0 0 -0 -121]];

Primitive4 :=[Cone, [-0.0310912 1 1 0 0 0 2.51478 -0 0 -203.406]];

Primitive5:=[Torus, [0.000151530799371392 -4.02681192228364e-16 -2.05195382518299e-16 -0.00121224639497359 0.000303061598747832 -5.3835339474558e-17 1.9630633412375e-15 0.00030306159874784 1.11589535705498e-15 0.0269724822885338 1.72386665032212e-17 -4.12634743048988e-18 -0.0012122463949914 -4.78140117751697e-18 2.06224599556926e-16 -1.80536896961367e-15 -1.46527226199137e-17 -0.00121224639499147 -1.16766517280429e-16 -0.0981919579943209 0.000151530799373956 1.33782243914313e-18 -4.67478259721817e-17 0.000303061598747908 -1.52652323777195e-17 -0.0245479894985807 -4.98749482945257e-18 -6.00033581245149e-18 -9.76436080782987e-18 -1.89105173178711e-17 0.000151530799373954 4.91827051755358e-18 -0.0245479894985806 -4.90189010800215e-18 0.994193574692513]];

