Primitive1 :=[Plane, [0 0 1 2]];

Primitive2 :=[Plane, [0 0 1 -0]];

Primitive3 :=[Cylinder, [1 1 0 0 0 0 -0 0 -0 -36]];

Primitive4:=[Torus, [0.00156440319084963 5.5638203770181e-18 -4.79608272173143e-17 -5.23537063573134e-17 0.00312880638169922 -1.28409577324151e-16 -1.62134106973234e-16 0.00312880638170041 0.00625761276340101 -0.0782201595424802 1.05877820094917e-17 1.04556922218184e-16 1.09029007413976e-16 -1.18312862852009e-17 1.00452467585243e-16 -1.43906017377524e-16 9.77784172357919e-16 2.84670550125104e-15 1.45072926146639e-15 -4.29274129503594e-16 0.00156440319084961 3.2126591456549e-17 7.76910681895757e-17 0.0031288063816992 0.00625761276339843 -0.0782201595424802 -3.40205558902385e-17 3.08498434620804e-17 4.08315745812375e-17 -2.69929797260241e-17 0.0015644031908503 0.00625761276340246 0.084477772305885 0.156440319084963 0.977751994281006]];

Primitive5 :=[Plane, [0 0 1 -0]];

Primitive6 :=[Sphere, [1 1 1 0 0 0 0 -0 0 -16]];

