Primitive1 :=[Plane, [0 0 1 -1]];

Primitive2 :=[Cylinder, [1 1 0 0 0 0 0 -0 -0 -30.25]];

Primitive3 :=[Cylinder, [1 1 0 0 0 0 0 -0 -0 -42.25]];

Primitive4 :=[Plane, [0 0 1 -2]];

Primitive5 :=[Plane, [0 0 1 -0]];

Primitive6:=[Torus, [0.000600822661183173 -1.32597488941863e-17 -2.7607026988345e-17 7.75517327363326e-17 0.00120164532236635 -1.02896094855035e-17 1.78001048171369e-18 0.00120164532236619 -0.00480658128946476 -0.0484533435111174 -3.94229099200726e-18 -4.790078672715e-17 1.0439627957372e-16 -5.01254209527478e-18 1.34952511219422e-16 3.85990601123747e-16 -5.11367867217004e-16 3.73289747578399e-15 -6.2183972606311e-15 -5.00293295656033e-16 0.000600822661183179 1.55765061346629e-17 -9.43642525055668e-18 0.00120164532236641 -0.00480658128946569 -0.048453343511117 2.88686589072112e-17 -2.53512725012294e-17 -1.17520392657115e-16 1.00884440443447e-16 0.000600822661183207 -0.00480658128946545 0.0580665060900476 -0.193813374044468 0.97687997186351]];

Primitive7 :=[Cone, [1 1 -1 0 0 0 0 -0 12.5 -156.25]];

