Primitive1 :=[Cylinder, [1 0 1 0 0 0 0 -0 -0 -5.70063]];

Primitive2 :=[Plane, [0 -1 0 -7.9502]];

Primitive3 :=[Cylinder, [1 0 1 0 0 0 0 -0 -0 -22.6814]];

Primitive4 :=[Plane, [0 -1 0 -4.7752]];

Primitive5 :=[Plane, [0 -1 0 -0]];

Primitive6 :=[Plane, [0 -1 0 -17.4752]];

Primitive7:=[Torus, [8.80178203299812e-05 1.6899568575146e-17 -8.30515713893258e-19 4.02322687406802e-17 0.000176035640659864 -3.04427211581256e-18 0.000840605391279019 0.000176035640659961 -1.30197074404116e-17 -0.0187206147289059 1.99760266054391e-16 8.99913137898966e-18 1.70772165420422e-15 -2.89498723087935e-18 -2.31501571160464e-17 2.83209406908257e-15 -1.47271998042559e-18 1.69730931123395e-17 8.5354339762478e-17 -1.60090364718208e-16 8.8017820328491e-05 5.71972095106947e-17 0.000840605391264063 0.000176035640659834 1.32939010610013e-16 0.0207276441610857 7.92397156742621e-18 0.000840605391278846 -9.05947385905896e-16 0.0893946794534672 8.80178203299804e-05 1.11663153166348e-17 -0.018720614728906 -7.28121719070273e-18 0.995427444448849]];
