Primitive1:=[Cone, [99.9395 0 0 -0 99.9395 0 0.183214 0 0 -0 0.183214 0 -0 -0 0.983073 0 0 48.6652]];

Primitive2:=[Cone, [-95.3142 0 0 0 95.3142 0 -0.654366 0 0 0 0.654366 0 -0 0 -0.756178 0 0 23.8473]];

Primitive3:=[Cone, [122.227 0 0 -0 122.227 0 0.882829 0 0 -0 0.882829 0 -0 -0 0.469694 0 0 60.5227]];

Primitive4:=[Cone, [-145.393 0 0 0 145.393 0 -0.917656 0 0 0 0.917656 0 -0 0 -0.397375 0 0 50.4909]];

Primitive5:=[Cone, [-151.994 0 0 0 151.994 0 -0.261469 0 0 0 0.261469 0 -0 0 -0.965212 0 0 26.1239]];

Primitive6:=[Cone, [137.059 0 0 -0 137.059 0 0.591609 0 0 -0 0.591609 0 -0 -0 0.806225 0 0 5.77054]];

Primitive7:=[Cone, [111.834 0 0 -0 111.834 0 0.999194 0 0 -0 0.999194 0 -0 -0 0.0401341 0 0 4.75735]];

