Primitive1 :=[Plane, [0 0 1 -9.525]];

Primitive2 :=[Plane, [0 0 1 -0]];

Primitive3:=[Torus, [6.80153101126325e-05 -9.37662441492123e-19 3.09407225517339e-18 -1.39666148300317e-17 0.000136030620225267 -2.94087129417266e-18 8.34464255435569e-17 0.00013603062022528 -0.000719827791821388 -0.0274254820581106 3.95687542122033e-19 -4.72382620963252e-18 8.67818193323108e-18 -3.53101359741421e-18 1.85805279516083e-17 2.3806107093323e-16 -9.4908300499541e-18 6.03010135700387e-17 2.51803165698881e-16 -2.00385205379513e-15 6.80153101126349e-05 -2.05976980116749e-19 2.9995786461835e-18 0.000136030620225264 -0.000719827791821241 -0.0274254820581115 1.56071856027693e-17 -1.46346213843943e-16 1.87701591268895e-17 5.65947851469482e-17 6.80153101126392e-05 -0.000719827791821254 0.0183598173805903 -0.0870757226980724 0.99527624187596]];

Primitive4 :=[Cylinder, [1 1 0 0 0 0 -0 0 -0 -40.3225]];

Primitive5 :=[Plane, [0 0 1 -3.175]];

