Primitive1:=[1787 5029 4997 2944 2164 6164 4047 4607 2535 2705 4653 4597 4407 6332 3563 4553 6360 5170 6876 1389 978 2364 225 6107 2933 5640 3004 4767 1535 4129 2764 1436 1941 92 1548 7239 4704 3290 4778 2646 2487 6700 6708 3738 1330 7364 7031 4477 2699 3715 5151 2235 7377 4986 5113 7051 5901 336 2129 5874 4466 6194 6772 7148 7191 7244 2454 1113 1541 2975 5867 5477 223 1750 2662 5987 1315 1189 7132 3457 4679 3654 6277 2841 6499 6990 1992 7049 914 4123 285 1432 3933 2227 1026 1034 2766 357 1789 1973 2616 88 4914 1841 1517 3106 6620 4318 7365 2057 5441 7264 7310 7055 6507 2560 4716 1588 4650 5386 2171 4408 1364 7122 73 4001 27 3433 2600 4855 3175 2536 4008 6774 4797 1260 3151 465 142 3937 4115 6682 7292 5757 6026 604 3249 6096 3398 5821 7315 875 4975 4365 4401 2805 3192 6504 3417 26 5736 5202 2242 6281 1681 2684 3582 4642 187 5045 7089 436 1049 6736 2114 1061 5149 3356 3493 6181 7061 4943 2755 7178 6749 2383 1668 213 4241 1127 4009 5036 4273 3134 1648 4614 4145 7314 1640 5808 1117 5755 2004 1999 4894 5650 5277 4615 1618 1123 5152 3465 7106 3755 5762 2443 3079 2678 598 976 6919 6568 5951];

Primitive2:=[2864 2643 6350 7272 1390 4333 2245 3323 4335 901 6117 6659 2032 7044 4369 7317 1772 2403 1097 4229 6378 277 777 3061 5362 3423 3316 6643 1490 5549 6839 6345 3760 5469 4156 3533 4077 3099 4108 5637 3344 2029 4663 1391 7478 5597 4779 3372 3548 6437 1347 3515 712 3322 7309 4180 7158 2108 935 5512 307 2601 4645 6656 3075 5033 3584 3539 5920 7318 3248 7381 6789 6061 6807 5639 1317 3292 1698 178 35 546 3773 2312 165 6392 892 900 1661 4354 3992 4083 6290 2927 7095 3242 5937 2306 4186 415 2023 7382 6654 3770 2256 786 5111 2442 3504 6256 2832 1231 2842 639 7390 668 2816 2624 4599 5862 7270 7351 6988 3029 3403 1736 5841 4220 5313 5602 5887 4766 4214 6960 4230 934 7409 11 3759 3968 5895 1763 6131 6436 6271 2285 444 7486 6622 4384 2356 4059 6333 5194 929 2956 3037 6416 847 3853 7186 6047 4141 110 4197 5960 4044 5657 5260 7296 3677 4516 7221 1916 6396 7033 5005 1575 1643 2693 4726 3554 5509 6119 2883 4272 6766 7274 3592 7140 7287 1979 661 4706 545 1081 5977 4143 2081 5632 4118 1211 4990 5087 2080 919 5892 4152 650 7389 1975 949 3977 6036 1083 3615];

Primitive3:=[2582 978 2364 225 6107 2933 3423 3316 6643 1490 7400 4753 4019 2140 5372 5773 1569 4761 523 4280 4177 7142 6625 689 1807 4748 6073 2496 1944 6056 3576 550 3307 4334 510 3042 1092 768 1320 1777 2717 1523 2431 3144 7066 1114 7227 5290 281 3034 1934 6705 3581 6147 958 4883 5472 3228 2326 3107 594 3451 6653 2840 6783 3464 2200 4082 6962 4564 5259 4803 6218 1966 4728 402 5663 2926 3057 6641 315 1732 254 5328 3256 1255 1025 3831 1567 1056 6245 1354 3748 5350 2751 4908 4112 5811 5174 5039 4722 2396 2247 3462 2650 1348 5093 669 5906 6582 5598 2207 2476 6019 529 582 6155 4462 857 979 369 2084 1290 1279 2486 1687 4294 4410 1914 5908 2145 2683 361 2252 5255 4834 7366 4617 4851 4536 1268 5418 3670 4204 2055 5018 3572 2031 5383 7160 5644 1676 7279 5339 5553 1924 5100 2824 17 5118 765 2382 2512 7332 3148 3870 7441 636 5305 6265 1522 6609 3437 2250 295 6921 1554 6015 6694 3204 2353 797 6861 7214 2851 5900 5687 4486 5626 7402 2623 1519 547 3873 6466 4628 4594 7286 3289 6727 4017 3961 1298 2499 3612 2938 109 1047 3160 4582 1269 3317 5409 6900];

Primitive4:=[2864 655 5549 6839 6345 3760 5469 4156 3533 4077 3099 4108 5637 3344 2029 4663 1966 4728 402 5663 2926 3234 1726 614 1270 5789 7387 5882 1926 1655 4825 2796 5070 4347 5235 1251 4601 4050 6230 127 6999 25 5831 656 3194 2773 6176 3475 4390 4881 3416 5204 1662 3782 4258 2175 6335 4637 4795 5760 2172 33 65 1600 4727 408 6174 5403 6129 6168 2527 6953 1526 5055 4137 1571 1235 4199 2551 7123 250 4166 4421 198 1752 653 4483 169 2561 1751 6370 2554 4371 1546 569 906 5817 899 5109 5412 4631 1798 491 2192 3221 638 6199 6200 3910 5035 1680 420 5026 6152 5199 3104 7228 3676 3183 3498 4877 1094 4871 6867 3847 6923 535 6033 7392 6856 264 2847 1095 1996 5060 4591 2419 3678 2208 3930 1420 7475 2283 2415 4804 1070 6142 7263 1280 5034 6850 4332 1201 6083 83 6603 4089 5243 1261 1560 1259 7415 2246 6385 2188 6313 761 2595 1411 2571 1253 5579 7035 2133 4341 3885 7299 5480 1631 7042 3250 1993 677 1291 6120 245 6740 5594 3843 3501 3848 2608 952 3976 7349 2317 3065 22 2895 324 2179 561 4391 51 6860 6844 4402 5115 6465 1539 4540 1547 2576 6339 2651 2957 4719 4511 5782 3238 7034 1561 966 2162 6866 4418 6822 4514 4577 907 6942 4718 1658 3391 6409 5706 3691 957 1669 5727 1427 2635 6679 4085 7188 1190 6857 5780 7465 1804 1359 2198 400 973 2562 1247 5228 4879 6640 5103 3704 486 3674 972 6688 1437 858 696 4351 4709 6439 2008];

Primitive5:=[655 3953 1928 1998 1167 7328 6595 3479 2543 1720 7108 6293 2721 4750 800 4388 6481 7136 4738 1740 2406 5582 7288 4372 5268 5015 117 6748 5511 5266 4382 7180 4893 3319 596 6014 3068 4558 5647 1007 2401 6429 7149 377 5219 4542 3661];

Primitive6:=[7083 355 5991 4904 3569 7070 7169 6804 3900 5932 3036 2814 3614 7369 5769 1639 3907 5514 3445 43 2156 711 145 2068 6398 4374 5451 6355 987 2940 2071 3377 4488 982 493 6016 3152 2789 6442 2625 6121 4984 113];

Primitive7:=[3108 2041 2493 3439 2677 1002 16 4113 4479 1525 3236 3858 633 246 4517 6991 6878 7059 3752 5843 2025 6761 5970 6187 2195 6269 6065 3589 3598 5400 5011 7460 262];

Primitive8:=[5029 5640 3004 4767 1535 4129 2764 1436 1941 92 1548 7239 4704 3290 4778 2646 2487 3323 4335 901 6117 6659 2032 7044 4369 7317 1772 2403 1097 4229 6378 277 777 3061 5362 7400 4753 4019 2140 5372 5773 1569 4761 523 4280 4177 7142 6625 689 1807 4748 6073 2496 1944 6056 3576 550 311 2204 3791 580 6541 898 3485 2240 3712 2663 3426 771 5088 2255 4905 3772 3719 1503 1927 2586 3019 946 1163 3220 6893 1195 6477 4221 3673 7107 965 6755 2994 5781 5968 3688 1287 2873 5185 2566 7378 4321 3963 5604 1252 1808 7300 1953 5832 5025 1337 5925 1404 4234 7212 4857 6887 6555 7388 6649 3729 6139 4754 1122 1542 4198 6387 6280 4589 5398 2877 6527 119 6744 5766 5390 2273 7022 1534 6115 4254 5754 3028 1918 2434 1219 5084 3768 5904 2433 1873 2779 2767 2829 1630 5526 4261 4223 2229 2251 5140 7436 7220 951 5795 4016 4007 1762 1106 3546 615 1521 953 3857 6880 1896 6809 4765 4359 7467 3928 5127 6967 2946 2077 2880 6425 191 4869 4665 4101 873 3069 4674 3578 3679 1717 3886 4414 6149 3577 7134 7266 5165 2609 6931 1020 2529 7437 4209 1768 6961 7259 4734 5414 37 7324 5466 5210 1553 2784 1343 5192 6536 6300 3721 6970 4559 674 5038 4448 5384 3797 7222 4638 2997 4557 734 4205 6524 3751 2882 2117 1784 643 721 6791 881 6144 3098 7224 4081 6522 5873 1527 6924 5391 1491 2331 4580 3557 2212 5697 6906 3863 6259 6572 3118 6400 4271 6672 6928 3082 3233 4406 3597 3186 3205 2993 3593 471 5774 5919 6537 2467 2754 6883 3110 5972 4024 1170 7322 7251 2047 3983 6390 4820 5279 3408 409 4409 2163 1309 1907 7147 1557 3872 4512 4090 6074 3835 1499 4969 2913 6763 6192 6943 3938 1512 393 3247 2999 3284 3856 5394 1064 2293 5440 50 2542 6325 2739 3267 2967 1424 6138 4100 2697 4136 3298 3017 2711 3663 291 457 5387 3425 1972 3240 894 1318 85 2141 3059 3073 7015 6916 4916 3159 4427 7190 2106 1475 6508 3875 466 2391 4688 3838 7182 962 1607 590 2016 3912 2538 236 6799 3039 1860 713 6518 1249 3763 719 2728 104 160 4107 1921 4858 1902 3962 5797 4701 3405 573 6786 3832 2645 239 3374 2564 632 2054 1402 5262 1715 6431 1625 1850 5312 939 5108 4067 6000 6915 2405 6925 5190 3499 917 3336 825 2155 7420 2194 4636 6329 3775 1166 6724 3015 4170 950 6717 7125 6482 1621 6182 1782 3385 944 2700 504 5316 2099 6757 2058 1215 1111 4759 2438 6968 6897 5436 6159 3964 363 6183 6197 196 6195 1003 1799 2279 6573 6773 5289 2436 3658 8 2708 4956 5815 5136 419 842 405 1198 6607 6562 2740 2712 6348 6084 2386 4537 3463 2258 59 2781 6973 5624 74 4417 1441 4289 7343 3009 5899 5366 1240 1273 3026 2725 1363 5649 54 4440 1182 4770 1875 6894 5123 865 3965 4316 524 148 7394 4515 5796 1895 2987 5809 993 3245 1693 79 5800 1816 2012 2674 7217 5561 1125 3971 1513 300 2091 232 3905 218 4445 3514 1656 6642 153 5583 4758 6179 3280 2238 5949 4860 3265 1014 620 5186 1426 7144 3067 7355 6253 5257 3799 2380 7295 3896 1449 6808 6037 3680 3030 2778 7342 5659 5910 7027 2011 5043 3901 621 4749 6488 481 4683 827 4468 5966 240 7069 609 7346 2310 4972 1308 6842 4859 2780 5733 237 2759 3486 1120 7046 5434 1901 4583 1313 430 1137 2357 877 5684 5237 5992 7445 6205 6633 7201 1216 7430 2035 7155 4664 679 2687 2686 6888 1406 7428 2613 95 4587 5322 482 1709 644 7340 4528 5067 469 2822 3534 6128 954 5249 6787 2075 1551 5939 4588 2867 1965 2765 4492 6401 7354 2316 5623 603 6469 4710 1686 1773 217 6972 5024 4902 7257 1649 595 685 6929 4605 7202 3865 78 4240 4436 5516 7064 2856 1573 4775 4231 2763 4160 5285 5069 7452 6538 2477 5246 2716 2344 2284 3460 257 5885 2462 941 6067 4122 6305 3001 500 4641 5438 1349 1559 3074 251 2083 5331 3739 2379 3432 2795 513 174 5464 4668 2123 6108 1597 4838 3321 5432 7432 4263 3538 3266 5360 3897 23 1881 6480 7103 149 4480 820 866 5732 7200 2424 7139 7194 1619 4549 1682 2951 4337 1294 5437 1415 6395 2404 2872 1142 1582 3150 5142 10 143 1939 1946 6619 4324 6255 4527 7005 4897 3296 1203 2039 1760 1628 1307 4357 739 3781 2119 1978 4502 3867 3529 4723 1555 5397 4886 379 5864 5361 5090 3060 5668 1408 6589 3314 1419 2797 5458 6941 6742 3441 77 5105 5886 2243 2846 6498 1401 4957 2407 3305 1851 3647 2464 5853 4495 6884 2848 1071 6150 6811 6132 4644 5164 7018 2422 3995 5291 6146 4934 3088 4842 3199 2376 932 520 2491 5007 2177 1652 1370 3304 572 2628 6805 5522 5784 4733 2958 4025 1528 1356 29 6264 5426 2884 6314 4535 6239 5950 5223 1266 3934 7482 4498 4140 136 390 7097 4573 3687 135 2182 1233 5805 2448 2460 7416 6684 4094 4819 4695 2439 5870 1795 4449 5523 4836 716 5370 7096 3767 6453 1991 125 4694 926 2983 5064 4691 3263 815 4346 167 2828 3406 5866 2594 6874 7165 349 1948 5491 864 6974 6531 5207 5107 1258 1000 2803 7135 4684 6797 1232 3283 3359 5276 6278 5764 4249 494 2879 7398 5927 3154 2143 3156 3006 3947 3824 1199 4147 391 2544 7000 5909 2507 6964 5710 2886 2770 2503 2067 3257 3762 1345 5503 5037 565 3388 6702 7341 6403 6143 2269 1371 3452 456 1048 2612 3114 533 2093 4252 5236 3136 5849 5421 2528 3436 516 2315 2440 2333 4944 6618 4257 3389 4608 5540 284 156 6484 2085 2707 1082 6889 1746 5363 2753 233 4130 4776 3883 6254 7471 1016 7052 5506 992 4711 3591 4313 2626 7265 7262 255 1368 1743 6765 2040 252 5738 2045 1121 5536 5724 5641 6238 3137 1236 5861 6730 3047 5550 4777 1704 3478 6044 2474 5771 4569 3620 1274 7313 6966 1128 3854 7426 1032 2449 3579 2830 1126 335 5270 4411 2520 6309 6567 5061 1398 3005 7206 1678 1770 5670 5396 2432 5338 3023 5743 2003 3942 709 682 71 2599 4999 6031 7468 7483 1062 7163 5605 1701 5778 2569 5881 6630 1822 38 5344 871 175 4541 5578 3780 4069 2397 2254 3364 2329 1492 489 6735 6911 6779 4072 5077 7491 6963 733 6413 5354 1369 5319 4228 6251 2900 2869 2923 4792 5700 3311 5917 5054 7238 6853 1265 3706 3625 3348 1500 552 624 3071 1031 6951 7233 5890 5346 6601 6322 6338 3491 5229 1641 4657 3940 5999 2463 2183 736 6982 5293 4219 3636 6871 4866 1898];

Primitive9:=[7083 3108 575 5009 833 1780 5742 629 3782 4258 2175 6335 4637 4795 5760 2172 3953 1928 1998 1167 7328 6595 3479 2543 3036 2814 3614 7369 5769 1639 4113 4479 1525 7205 2446 560 5470 5349 6029 447 6299 985 3215 5990 2154 5215 7488 1835 3227 6493 1043 6082 3189 3783 1899 3329 5431 2450 3833 1321 4380 970 242 3565 1713 5570 1861 6018 5382 1138 5399 838 1635 1482 1989 6130 5323 201 870 5217 7162 1131 6114 1913 2324 930 1340 1616 2409 2014 2142 5953 4233 1579 6605 6658 6631 3720 1587 3716 7020 4128 2750 1838 5325 4284 1667 7339 1915 2052 5280 2000 3392 4818 7151 4939 684 1086 5725 2280 2368 1685 154 1985 2296 2453 1803 2585 3052 3556 5750 5737 3922 4552 3335 3826 1425 5674 3012 3091 4658 7170 1362 7290 7283 2810 6895 2915 1771 4211 588 3699 3155 5245 332 5092 4437 5182 4158 3701 2591 6770 781 2652 4202 4478 3089 4237 4991 6270 5381 7326 5484 6495 2270 6421 6547 1264 1428 5085 3618 381 170 521 1397 4560 2435 1272 4554 5717 5450 763 4629 7399 2210 6494 4730 3595 2858 6678 2570 1460 4923 4176 6586 1598 4076 1908 192 1085 5836 6077 4187 5248 5347 851 3737 6291 498 1221 1605 6022 4475 2668 5062 670 1169 5838 1800 3084 6683 722 3157 1143 7361 3662 411 1069 1936 483 5834 1814 5897 1372 1057 5457 4367 4224 4533 2604 6782 4125 4952 6976 5445 7243 1133 4173 2158 1809 607 2074 1644 4764 5958 4419 5682 1065 796 7451 6948 7344 1738 6085 2642 4438 6847 4906 3893 3774 3926 5672 5924 942 5058 6040 6614 706 5169 4181 1375 6938 553 155 7427 2737 7338 6236 2910 40 2125 6170 672 3278 1796 5500 1119 3191 462 2517 3080 131 2330 6512 3467 3222 312 724 3455 922 1028 6071 6008 4470 4595 6344 1863 6611 4995 4816 4086 30 5719 6054 4948 1485 4014 3684 340 3656 6831 6165 1171 7298 936 5573 6819 1382 3528 4012 1831 3022 1867 2657 6706 2955 7040 7240 5341 3793 2061 2417 1177 1459 7438 4586 5767 3119 5179 2352 2026 3613 2960 676 4935 4149 6474 2455 7014 4532 6576 7219 96 5681 5155 268 1725 5952 5537 327 2935 6993 5148 5615 6005 3404 1840 5187 6405 501 2168 6412 373 1417 6793 2704 622 5926 3149 4142 6479 6552 4844 6110 1591 518 1088 3064 114 5220 6790 2661 1367 6676 249 103 3014 6598 2887 5032 5195 5822 2826 7011 7110 4568 3745 1997 4967 1316 2878 897 4799 256 6223 2641 6158 5508 1627 6042 7043 2731 6048 2901 2132 7204 3345 2295 7041 3979 3330 3573 2288 5501 776 6660 4962 6997 6051 3709 566 4785 4283 4355 3786 4931 6002 3325 1599 5593 4162 576 793 4610 6636 6118 1589 6767 3390 282 1737 6707 5806 3829 6594 6235 1781 778 4095 6227 597 5984 5216 4831 6600 2722 3518 806 1093 964 3211 3254 2947 759 4073 6232 487 5938 320 6010 6088 6052 2733 1986 2920 5377 4983 4954 1857 6285 5342 7117 7081 3746 3496 3583 7419 6719 1845 7454 1010 6944 4345 4111 6447 6336 2426 1295 1987 2655 791 6233 878 4063 4571 1105 1690 6053 6848 5097 5985 2261 2859 7492 180 2337 4032 1162 4146 6112 7453 2342 3879 5304 4338 4771 4546 1874 7230 3713 5004 4132 7094 4386 5083 6840 570 6091 5923 5638 1879 4255 5903 362 664 4794 3453 5701 5292 1438 3125 1629 1466 6283 6796 7118 3958 728 889 6134 2868 62 4501 6257 4203 4078 4692 6250 235 2414 7017 3846 6762 2225 3996 2627 4091 5801 4892 1747 4455 330 2030 3855 667 5913 5197 3285 20 1360 5693 3185 2815 3616 663 3414 6577 4584 5184 2282 5425 1764 1074 2244 6668 5788 5476 5300 1300 4821 3103 3655 1471 5983 12 2675 5709 3111 6321 967 849 1021 1322 286 605 2147 4741 6274 5298 3387 3420 823 6298 1008 1932 116 4980 6981 204 2575 5309 7193 2513 6500 748 1385 5683 3146 5336 1493 3165 4183 3749 3902 6905 843 4185 64 5461 4250 3352 2744 7053 3122 4288 440 4870 5662 7154 3690 1154 5374 5731 6590 3634 1531 742 5963 4840 2909 2881 4865 5193 1730 1945 6399 5411 6509 1530 1719 1581 5422 3587 2866 5826 2231 4555 869 7490 2546 4482 7137 157 7199 1288 2606 3944 2166 780 3003 2469 1194 5676 5846 3349 1558 3747 735 2970 5893 1637 7232 66 5741 4812 434 4941 7003 1206 4134 1683 4353 3916 3516 4849 5548 5557 4979 2540 3021 1584 2694 2902 6473 1651 159 6712 1828 3477 3562 7435 4245 4927 166 6101 6021 4932 5125 3339 3076 2452 7209 4714 507 2325 4976 6092 6985 1476 3130 82 6664 6776 5439 120 3115 5504 2149 700 3540 5986 3918 1418 3736 4499 4703 2092 3957 5654 5600 7423 200 5618 2823 4756 1887 6371 7246 2427 764 7260 5320 5928 1748 519 2038 3607 6728 7092 4530 6207 1447 5483 5446 412 3198 4910 3779 7484 4139 6506 7130 1775 4808 3354 2347 5314 2354 4116 3276 5894 4157 887 6549 4705 3181 5050 3431 4590 1846 2481 337 2115 6289 5161 3140 3468 915 185 4403 18 4556 1244 6154 3213 4459 5222 4282 2550 4003 6827 6575 5704 5351 5343 3750 461 3086 5486 168 4985 610 2757 5114 3090 4473 1501 417 2339 7067 7111 418 7012 1045 1396 7348 3945 1488 4576 3986 4247 6102 2827 536 3788 3096 2602 9 214 4226 4800 5912 1707 755 5875 4150 4604 1378 5854 4798 2461 651 4163 2639 6389 5787 344 2082 6113 2573 856 4648 6553 4022 6725 1451 562 5792 5233 2262 7009 5284 5056 2752 720 7353 977 5601 6098 6046 912 7294 7485 5981 2429 4293 2320 1042 5211 3309 3361 5251 1072 795 5048 3094 6364 1834 3473 5577 6189 7004 467 6591 5692 4071 2112 2447 5633 150 6458 1855 3300 543 7138 1556 3743 1735 3402 5690 2268 3226 3606 3925 163 5449 4968 7164 3371 7090 2812 2715 267 2592 555 848 6472 450 3951 1890 247 635 2089 1414 4207 2584 4225 3740 687 4476 342 3332 479 5297 5282 4443 4592 4174 6890 6242 5274 6710 747 3626 259 2201 1080 4048 3045 1496 4060 5133 4131 4509 350 1672 3604 2302 5698 3386 3419 3665 6411 3657 5 139 6729 2761 6367 1711 1006 807 2986 2097 4918 5691 4981 7431 3911 266 782 3259 3629 7045 2905 6855 1706 4686 6081 6758 2658 5740 5075 6186 4854 326 288 4103 5209 5402 6045 4281 1964 2506 1731 5630 5916 3975 6374 4712 6211 176 3484 421 5002 429 6178 1470 1462 1333 7071 5678 121 325 531 1207 4148 2130 1301 1104 6224 2335 4878 7271 2392 4624 6829 6171 4286 3984 6464 514 956 5844 2874 5591 1563 5498 3046 6153 1239 4425 5413 1018 559 3373 4909 1213 6038 909 1854 1328 5648 6813 7068 4036 2387 3133 630 6267 6502 4416 2772 6343 4611 1445 1022 1497 4920 1943 1115 4977 6596 1505 1283 2206 3959 4279 164 7104 2484 3547 1098 6950 2682 1327 7115 4256 1479 1454 3694 6151 6204 1164 3641 6294 3882 279 3800 1980 6049 61 5631 4752 4802 1186 4924 3877 2531 1430 4364 460 265 2178 5614 1848 5074 2028 1871 3209 367 1984 1624 2098 3044 5173 4434 7256 5625 7082 2173 5879 3571 4852 4889 4811 5617 6825 4453 4740 2898 1626 5669 6841 1050 2685 517 538 3862 4609 3291 731 5599 4832 2218 963 1374 1653 3624 7376 2688 2718 1381 6485 1223 6279 3923 693 2786 6723 7013 2286 1692 6814 1967 6315 7234 3932 1940 1067 2972 1282 195 1673 1027 1358 4368 6356 2301 322 2555 4578 423 7329 2589 7113 2322 1176 5695 171 3659 3935 5752 6219 1578 3480 1172 2906 3393 5496 5803 6535 5191 4428 5616 1409 2377 2305 2410 2102 4911 5590 3058 401 7473 89 7463 3899 101 2274 365 2603 5799 289 5642 3489 4992 477 2199 6954 496 28 137 3038 2732 5010 2213 1444 581 3049 5551 3469 1200 4433 3733 4370 2836 1722 5130 544 140 3508 1666 3043 2511 704 2691 3342 4973 1549 5969 4864 3898 6583 2802 2990 331 2224 4901 308 1379 5154 4959 2346 2821 4872 7150 229 627 7207 5863 5261 7129 1754 2366 4696 4106 1158 3312 5273 2508 3422 5371 4277 81 1435 5606 4049 6932 5525 1849 6696 4023 5040 5703 2632 1257 2952 3642 3383 3792 3887 7267 5816 6843 3495 2202 2557 2013 526 4987 2124 3070 3766 359 7395 2217 6331 2308 1498 5242 1075 1355 6122 6087 6780 4452 2977 4621 2863 5006 5406 112 4120 4632 5460 2361 2701 4677 5208 3845 2088 2260 6738 725 211 6979 7237 7048 891 5571 5794 6623 4861 1041 63 2785 7383 4206 5645 4317 1179 72 3427 2233 2428 5689 1608 7401 5094 3978 3506 1734 2017 2033 4251 2537 5940 6262 1366 7168 7462 4295 1982 804 4581 3552 6066 3988 6243 1670 6824 4052 1674 4545 1580 744 5851 1214 990 1248 488 903 4306 2314 2006 3206 4562 6435 5502 3482 1793 1765 3601 86 3590 6971 3170 6920 6721 2118 6177 3363 3777 1543 4349 2027 5677 3369 1632 2043 697 2904 5272 4297 3487 1218 3550 1832 3861 3031 3260 2121 6588 7289 1634 3834 6833 1935 5167 6680 1351 144 6692 1518 2 7446 7019 480 1929 779 4646 2131 2186 1145 5023 7412 7498 2607 3631 4481 6662 6175 3102 1794 1504 6394];

Primitive10:=[2582 1780 1092 768 1320 1777 1989 6130 5323 201 870 6347 5327 6072 5415 6490 2267 426 5254 5751 4343 1931 3828 1801 3177 2968 2792 671 2189 5896 7210 7495 3269 4616 368 2964 1585 2610 4942 5702 3812 4326 6984 5759 5030 2870 7141 5162 4399 3365 3511 6012 432 398 1968 5392 4056 3097 3179 988 4862 5728 4933 3162 3277 1783 567 197 902 3990 1540 6478 67 2633 3744 6161 5931 3018 7146 7157 4291 2480 750 5658 5819 3753 321 821 1646 6830 5878 3195 5065 2558 3537 1161 1174 2729 5656 7176 3973 4350 6989 608 6273 1220 3446 2787 948 269 3559 2679 1344 2953 2845 2971 1440 2219 5258 1146 2621 1250 3347 4124 6639 3931 4285 484 3032 5922 7080 3310 5975 634 2191 5120 617 2919 6381 1068 5918 4661 7424 1012 2126 2005 618 2363 6686 1181 2232 4169 2249 3180 6564 7276 4087 1852 5369 5655 2916 6655 1474 4260 2471 974 2671 5521 345 6357 4945 7037 6987 1495 606 177 3585 370 3459 5443 1202 2010 6216 4784 7496 984 4698 4422 2169 2349 1431 1933 4639 981 5014 2370 828 1853];

Primitive11:=[1787 5029 2864 655 6898 3380 4997 2944 2164 2643 6350 7272 1390 4333 2245 3234 1726 614 1270 5789 7387 5882 1926 1655 4825 2796 5070 4347 5235 1251 4601 4050 7108 6293 2721 4750 800 4388 6481 7136 355 5991 4904 3569 7070 7169 6804 3900 2041 2493 3439 2677 1002 16 311 2204 3791 580 6541 898 3485 2240 3712 2663 3426 771 5088 2255 4905 3772 3719 1503 1927 2586 3019 946 1163 3220 4655 4121 1185 7062 5746 1103 6410 4051 7006 2590 442 3326 6674 3208 4805 4046 6726 1602 3268 809 6287 6940 387 6930 4982 4510 4109 539 1594 1224 328 2521 3929 3295 758 1952 6393 7425 6099 4420 5348 7443 1510 6397 6263 7469 3927 2289 5592 189 772 6823 4053 4880 4262 3216 3698 5707 3224 4360 52 7229 4377 3055 5915 5883 7247 2978 6835 2046 3424 4015 7242 813 3640 775 4563 3123 6173 3702 427 723 3967 879 593 7494 3567 3814 3166 3881 6868 642 4102 24 2303 3876 7010 5761 4747 5368 3483 6386 4412 7057 6697 6247 7255 6713 6872 1336 5520 7359 1847 5299 297 3805 2811 6324 4953 5302 6303 1710 3734 5492 6359 943 1443 258 3502 470 4404 1433 2022 4525 5490 1058 2799 7373 2297 108 3370 5859 911 2636 6127 4268 3351 5869 4782 6041 5214 4781 4707 1416 1019 4681 5135 7086 4490 5256 348 6282 2578 7442 2783 1811 4097 1951 5942 5013 6337 118 6125 5524 1339 2358 1645 2579 360 6193 4303 5812 5238 6111 585 3778 3941 1830 1897 5660 5082 129 5628 2037 4396 6196 1242 7421 4287 6818 1733 3757 6908 3141 1478 784 3008 6514 1728 3282 1842 7016 5239 1341 3530 5306 4327 5534 2817 5515 4471 4028 7143 4055 4899 1456 7198 1906 6859 6557 4093 5244 6136 2299 4500 6910 1473 7476 3272 1749 2835 7196 3320 4524 5153 7497 5530 5232 4613 6467 4167 1865 1862 3400 179 1455 2139 2981 7216 2292 1988 1481 7433 1837 7489 1718 4066 2843 3840 3063 4633 2949 4547 4768 7183 1910 3521 6551 4666 6471 4874 3239 4182 3048 478 5829 424 6691 756 5408 2498 5424 648 4887 2776 568 2113 4550 4042 7116 2941 5612 7320 746 5321 578 1695 2519 4375 4030 6231 6965 6043 4810 7047 4978 497 2653 5907 512 3169 6418 5856 2456 353 2275 4037 969 4895 3531 3174 1919 5688 6316 7213 5126 5685 1606 5047 662 1204 6515 4662 5543 2365 3919 7192 6430 830 172 414 146 3648 6519 2007 5379 6470 132 1453 6579 4551 1210 6663 3100 4585 5833 7380 1538 5419 5423 3819 4506 1791 1909 6817 4925 2278 162 2588 3811 4807 1140 5622 6213 1400 4 3078 6533 3732 2893 5539 7120 6103 2343 1590 5753 861 6483 5356 2490 6739 4539 532 4423 3274 7323 2801 2769 1151 6106 2373 3993 6836 3212 5818 6516 3705 753 4946 3985 6563 5380 7331 1173 6353 6433 991 1108 5635 3532 2736 1305 227 99 3998 4508 3476 6803 3722 5675 2146 6505 5224 2989 4389 47 686 4830 1267 5679 3053 4791 4958 7371 5433 2788 3817 3908 5712 451 1620 7063 4330 6606 7269 6050 4848 4339 4964 4038 4567 4485 4322 3523 2696 4308 5828 5929 1813 893 3639 4989 890 1562 3218 244 3860 1148 3230 6135 773 6417 801 925 5364 4926 2048 107 2954 4755 707 502 5031 5201 115 6648 6687 376 4472 3610 6613 2281 298 1314 2393 1141 3666 4450 2340 1472 1893 2385 6027 4682 4787 5804 134 1156 3594 48 1073 5888 3313 4080 7449 275 1139 1487 5129 1346 6261 6917 5921 1886 6677 6806 4796 7101 2504 5296 141 7248 2421 6354 5661 4965 2709 6062 4212 1278 2226 7297 1664 6190 5462 1568 4824 5444 5978 6578 4790 87 6116 6028 1423 7280 6510 542 6100 1937 346 802 3261 6665 3707 1756 5017 1843 4314 6327 6978 6882 5068 3255 2313 287 4875 3512 1183 792 5027 2134 6863 2294 7001 3586 7124 6163 6434 6718 2105 6209 2153 6414 6222 4299 4949 874 1335 3823 6496 2411 7185 701 1766 7152 6157 4031 5175 2060 3461 1892 5367 534 1412 3510 5519 3726 1869 4474 729 2138 2928 5051 3024 1883 58 3714 4720 1469 6208 2488 2548 6845 4850 6732 2497 1511 6698 6877 5481 5329 4699 6969 3033 1958 1060 378 5250 6821 1878 3827 6529 34 6952 5793 7102 3279 3789 3132 1030 3650 2654 1038 5053 1815 5213 216 5104 3129 3085 5871 6286 5178 6093 2825 5405 4700 6388 3376 6342 3440 6947 183 5595 5078 2800 5110 3293 2478 4936 5188 2598 4456 1325 5096 292 3869 5052 527 3396 5998 6476 6060 1520 7058 4320 2510 628 785 6983 261 7056 3545 5572 7434 6638 1665 5453 6123 1636 2572 4993 6310 3787 6419 7073 5263 5295 5375 435 4222 6869 3950 5964 32 3124 3536 2730 319 832 2966 1566 4196 4460 6363 7404 2086 7374 6448 2394 4484 5334 7211 4513 3138 6681 1990 2064 1970 1155 5558 202 3040 5116 1076 3252 640 6003 3299 4259 3710 4697 7025 3054 6422 3237 2834 4034 2494 4717 1508 522 6024 5497 6891 2489 1774 5531 3718 441 130 5231 5147 4774 3172 6647 2681 60 2304 2076 2174 6528 1079 5973 4789 4457 592 6644 1723 7455 2044 5022 6070 3011 6745 4689 1289 5072 7414 4673 6907 1769 2388 5567 3077 876 4075 6615 2020 1329 6597 5198 1226 4348 4164 226 2418 3790 3866 5020 1779 6217 4210 5580 6451 3913 193 6428 4336 6851 1724 4652 5989 1601 6078 6362 3735 4751 1805 2724 5810 2798 1150 152 2197 2929 2187 2640 1063 2468 263 3428 1310 694 5576 7109 2742 1603 5303 7367 253 428 4274 6063 1819 853 5041 803 6229 3471 6832 4635 382 5310 4340 3660 6304 2259 3488 7370 5429 6058 613 2050 918 1005 468 5785 2095 6904 1024 5410 7411 5721 2673 1961 6059 695 6720 3401 3892 3972 5019 6326 386 6172 6956 1708 3447 2985 937 6617 305 2768 839 528 6166 3969 6693 7261 3700 4292 4373 3652 2307 4061 6998 1923 5063 3574 7396 6544 2931 3808 910 4891 7078 1303 6743 612 7347 374 7385 3980 4155 5779 5138 6559 4232 397 5463 5393 2495 334 210 626 5059 7307 207 1753 4786 3741 783 2790 2338 4004 1633 1410 3020 6064 5527 4208 5294 3609 6090 2713 5944 2063 1457 3490 6382 2445 3450 7171 6140 3909 1193 4623 306 425 5157 2420 6 5756 3056 6306 6034 3027 2323 3193 5337 1077 1107 476 5518 3804 3668 317 4088 1262 3605 228 2374 3830 5852 2896 968 2215 4888 1180 2669 1609 1033 6295 313 7321 3982 3117 173 3062 3727 2400 5827 3810 3438 3769 4574 4898 4000 6402 5786 5487 2577 5221 2066 5124 947 3954 2111 6492 5542 5485 6456 354 6296 1319 1729 945 4743 4184 3551 1954 2021 301 1663 4248 1452 3202 6009 438 7175 2647 5269 2581 7352 3294 3914 1876 6570 2236 1922 1810 2793 5589 2381 6210 1222 4505 5848 6802 3171 1101 2762 6933 241 5765 515 7179 5021 6534 1055 863 5905 4171 1577 7457 215 3915 7181 4762 1448 3987 7464 7281 6068 2441 90 3411 1494 2465 294 7403 2136 6185 5734 6810 445 4503 4745 3435 3871 600 6709 6438 4974 4788 2395 5513 6198 708 1136 882 5993 3251 841 4193 1806 774 2587 3921 6459 449 6554 1825 1657 625 5865 3010 5627 3695 1338 2942 2615 1299 6266 375 602 1744 299 2348 680 3200 4188 4708 5044 5042 1403 6661 6137 3667 6764 2963 5857 3960 5945 6368 1352 4963 490 5545 5264 2228 2372 4126 1950 1699 3413 4504 1132 5532 1615 6627 975 6449 7493 6881 1911 2659 6788 4393 5914 6666 3632 5206 5301 5253 961 1205 5332 3145 21 6094 1797 7253 3785 4672 80 1650 5416 3253 5112 2483 2631 548 4195 1036 3327 4917 6828 2806 3884 3302 5163 1165 2203 4856 4622 2552 1399 1971 3939 4451 5566 5777 2860 5528 1917 364 4413 1858 3167 5889 2015 6023 4839 3050 808 3101 1983 2749 3575 1755 3116 5880 4837 2190 4020 4667 3596 485 665 1208 5935 296 3619 1241 5629 4441 222 2161 93 4922 5119 1110 6651 220 2019 5680 2924 5790 2974 5452 5946 4397 352 4084 5159 182 5307 2819 4070 1277 3948 1304 371 7203 1342 921 4971 4298 3013 6837 1778 6530 2918 6532 5234 2614 5584 6288 2549 3906 927 5823 6785 2524 454 4215 1225 3541 2855 3394 2345 860 1090 3120 1610 5517 3689 718 7335 1051 3874 7133 1439 6885 7368 4955 4172 658 4464 7197 5479 1586 3758 1757 1149 459 6055 3809 4593 5956 2265 7226 1134 5308 5768 2502 6846 6870 4312 3190 4300 5117 741 4363 274 6011 5825 6949 3952 3999 2945 7235 366 68 805 3430 3643 4179 6124 2692 339 4773 3936 2209 7487 1529 2276 4996 5643 5891 273 5947 2618 1446 3725 2853 7285 5581 45 6670 2667 7304 980 2485 7060 6013 3570 2620 6188 1040 6914 3448 6918 495 1135 2782 6955 5225 3368 7189 2547 549 7166 2950 1565 2444 97 6440 2637 6520 5081 7375 6444 2056 4606 2831 5172 1785 5711 4735 5143 5099 4685 422 6234 5012 5735 6095 5158 3308 2563 1015 6754 404 2885 6228 2423 3756 2152 1942 6358 6704 1870 3956 7105 3287 1238 3264 540 2362 5720 2695 2996 1442 7121 5739 3449 7084 6215 537 7293 2804 2992 1464 1700 5652 6849 4598 872 3878 1017 3456 5934 4647 6801 221 4018 1228 5016 2545 6750 5330 5404 7337 2375 2891 551 1281 3549 5407 2995 6180 1836 1109 1311 7119 6346 591 6384 1393 505 2619 42 1767 4239 6690 4846 1595 749 1124 5563 6308 1955 4570 5560 5620 3210 647 44 6957 715 3164 3466 6937 46 5098 5326 7054 2351 6307 3997 5783 3970 499 5177 558 5139 2065 1324 212 1209 2939 7145 7448 3112 5791 4912 4161 5603 5565 5465 1963 1004 1066 4522 6759 7470 2991 2327 5556 2109 2758 7093 6820 1302 3007 3025 1461 999 844 3350 743 4900 3241 554 6673 1384 3083 1334 5813 1702 996 6167 124 983 4960 6455 3418 7356 6244 6561 5943 2849 4344 5095 5478 5359 4064 1271 2976 2220 2833 7405 5226 3555 3888 5729 5071 3994 3126 302 55 1357 7172 7302 7085 1227 4329 2532 106 1013 5840 3035 1465 556 203 5474 4841 5357 1689 6778 5995 509 4005];

Primitive12:=[629 2000 3392 4818 7151 4939 684 1086 5725 2280 2368 1685 154 1985 2296 2453 1803 2585 3052 3556 5750 5737 3922 4552 3335 3826 1425 4982 4510 4109 539 1594 1224 328 2521 3929 3295 758 1952 6393 7425 6099 4420 5348 7443 1969 3297 1818 5267 1054 2979 6926 5510 6487 7026 3602 3182 1889 829 4033 7444 928 5715 5705 1011 1745 4315 6025 4913 579 4494 2318 6838 6525 2165 637 1037 1243 6927 310 4783 2583 599 5240 2962 2389 6671 5335 4937 1483 3366 811 2988 1130 1824 587 5389 1129 3273 1353 5373 645];

Primitive13:=[629 3380 1838 5325 4284 1667 7339 1915 2052 5280 1510 6397 6263 7469 3927 2289 5592 1969 3500 2559 4430 2018 1254 7029 2184 7450 4575 673 6361 5131 4814 1407 7303 4269 6652];

Primitive14:=[1787 5742 6898 6164 4047 4607 2535 2705 4653 4597 4407 6332 3563 4553 6360 5170 6876 1389 3307 4334 510 3042 5217 7162 1131 6114 1913 2324 930 1340 1616 2409 2014 2142 5953 4233 4655 4121 1185 7062 5746 1103 6410 4051 7006 2590 442 3326 6674 3208 4805 4046 6726 1817 798 5651 3243 6141 3802 1856 7065 995 2516 7050 6206 2266 7195 6258 6424 3497 1660 5671 3765 6032 6202 6349 3989 1395 1506 5608 5868 1388 4702 5850 831 5621 4398 5494 1537 5401 4200 5748 5091 4544 2248 5028 4493 931 678 4833 5482 4994 5447 2416 4296 1229 6593 3825 5205 7100 2367 1292 819 7384 4742 4217 5230 406 5275 6391 1434 814 5708 4242 4843 2596 3520 4813 2070 885 5000 3627 7407 5137 1286 4713 5835 4454 2457 4290 6558 710 4729 2771 4626 7079 2205 5286 1023 3839 7386 859 4304 248 6901 5505 2670 5613 3803 4383 5385 3454 4154 4415 4431 2611 6945 1960 2672 5317 6875 3505 7127 3509 574 5673 5365 702 2090 2738 3653 3784 3337 3633 6746 646 5941 714 2479 4310 147 4463 6733 4105 5073 4829 2221 2735 6097 1100 4096 1053 458 4378 1153 1821 6645 6865 41 6241 3072 3235 2897 1792 4496 1413 4827 6441 3850 4127 7156 1877 867 4190 2128 2371 2530 3384 7161 6086 1880 3093 6703 5555 7362 3367 938 3357 1714 1039 854 7440 5535 5574 2850 1421 3955 5554 7336 4561 916 2698 5667 5102 1191 1116 6284 6311 754 7072 448 3113 238 5664 1962 7173 6268 989 6751 6610 5132 206 1152 4117 1812 2309 4603 356 4366 2144 2741 1089 3623 1480 1285 5610 2159 2888 3675 2726 3730 3974 2680 3331 1515 3859 3890 3991 5473 4534 2180 5930 5902 5994 3818 4769 2921 7422 7499 2702 2838 3692 2264];

Primitive15:=[5742 6898 3380 1579 6605 6658 6631 3720 1587 3716 7020 4128 2750 189 772 6823 4053 4880 4262 3216 3500 1817 5008 1572 3798 3728 5430 6237 541 6781 5971 787 3966 5842 1197 6734 4676 4725 1742 1159 1263 5388 7218 1160 4721 190 6334 5324 3333 2959];

Primitive16:=[6218 6230 127 6999 25 5831 656 3194 2773 6176 3475 4390 4881 3416 5204 1662 2810 6895 2915 5830 5979 6513 7479 5933 577 6443 5079 4153 852 6317 4352 1386 4919 4276 2664 7074 2837 2574 6369 2889 7273 3271 589 1091 7039 2107 3686 2116 6899 1361 446 2876 4267 1383 1545 1144 49 2852 4970 5713 102 6366 1679 4929 91 557 6792 3002 5546 4896 5568 6711 1925 5459 6862 4026 5802 4092 388 280 338];

Primitive17:=[3828 1801 3177 2968 2792 671 2189 5896 7210 7495 3269 4616 368 2964 798 5651 3243 6141 3802 1856 7065 995 2516 7050 6206 2266 7195 3564 6380 6543 3244 3275 380 2350 3395 3109 7241 7284 3444 6105 2523 4175 4659 2257 7372 1245 2002 3820 464 5596 2072 2137 19 5499 6657 2196 5824 1995 15 1864 6675 3095 3135 1888 7447 4625 3649 3397 3214 3229 4543 940 7167 6450];

Primitive18:=[5009 833 1523 2431 3144 7066 1114 7227 5290 281 3034 1934 6705 3581 6147 958 4883 5472 3228 2326 3107 594 3451 6653 2840 985 3215 5990 2154 5215 7488 1835 3227 6493 1043 6082 3189 3783 1899 3329 5431 2450 3833 1321 4380 970 242 3565 1713 5570 1861 6018 5382 1138 5399 838 5080 2518 2534 6602 6377 766 3434 6523 347 1536 4168 7308 2222 4868 4660 6007 2760 6301 2214 1727 7215 850 6191 997 5507 835 3543 1306 5171 7126 3231 986 4487 2638 4264 1786 7413 2384 6302 3600 3672 4358 6249 2135 3270 3522 6511 7325 4074 3822 5959 6584 6214 699 3442 278 5318 816 3813 7480 4928 6771 4307 4387 343 7028 1872 6030 5448 318 2690 5552 2157 4654 836 372 1611 7282 1373 7076 6406 4435 1974 2053 4835 4823 3362 2676 2500 231 7008 4467 2042 6475 3328 199 1576 5967 5455 6994 2890 3219 6491 6695 6922 4634 3580 1904 6548 1192 5046 1096 6076 690 5168 5996 293 530 5144 2734 3558 6184 2271 3776 2818 1234 6581 123 762 5982 389 5203 6297 4305 923 2470 6599 4011 4627 5718 6376 619 2290 3889 5588 563 3645 1237 7 7128 4763 5122 3526 4491 2272 1184 6995 3318 7098 5166 3288 2079 5564 2720 5495 5003 5333 7306 2911 399 1930 126 3880 1484 2925 1675 2451 1326 4873 732 4010 3147 3535 3429 3343 4110 3131 6912 6497 2634 3286 7350 56 4643 6461 5475 283 1622 1509 6798 7333 7334 5716 3917 2103 1574 2813 3566 473 2078 3375 564 4151 2965 7002 4746 2087 6463 5529 6896 6784 2216 6612 6272 290 511 439 2748 896 727 3806 884 717 3334 3646 2402 2892 5353 6903 3703 4244 111 270 1761 4119 234 2193 272 6826 1087 5772 4461 4218 7091 7087 4809 6276 6737 4301 3801 5340 4236 1230 5134 2062 7225 3868 3092 6275 5156 1903 1524 243 6629 3360 396 3617 3560 7363 5315 1387 7223 7327 4381 4507 4649 3795 6318 840 6372 6445 2360 7357 601 7319 209 1885 868 3355 186 2719 4442 1046 3708 6352 5965 6521 6873 6699 6501 2185 3163 4565 5145 6667 6546 4921 4693 837 2069 6560 1647 7474 4828 2472 1429 6104 1905 2094 4526 7481 4189 6260 5471 2808 5106 5954 31 2922 4600 7099 4429 960 730 6203 2051 5957 1741 3143 2525 3524 883 1977 1468 6986 304 230 6503 452 2412 641 4651 905 6006 4057 2237 2505 2567 760 6351 3176 6427 1276 1694 3717 4951 5538 4579 2399 6462 3081 1212 1297 2263 616 3258 3946 6539 4826 5456 5128 1365 2036 1380 659 2553 6741 3904 455 789 7268 4385 2727 433 2689 1638 3178 2894 1296 5544 2943 3196 4227 6373 6580 431 5686 4039 6747 5585 691 6556 2556 2120 1583 4630 3796 5696 2936 2622 1178 7410 3041 1514 5634 3815 36 6635 271 3949 4458 4815 2408 6226 4469 4671 7311 3507 5562 4531 788 3201 4915 2861 4690 4079 5860 4521 6148 5493 2311 194 6909 2319 3637 6815 4538 358 2160 1739 7500 5837 5726 2865 1677 3527 4362 4043 7277 7408 7291 4519 3353 3903 5666 6632 6934 6977 260 6330 6646 1820 855 2980 1703 2605 75 4054 3621 2514 416 5345 770 333 188 5271 3458 3836 1833 1612 3087 1052 4620 751 3415 6169 6420 4640 2211 740 1377 2809 4489 1458 2857 3472 2756 5076 2973 998 2459 6616 2355 913 3568 767 2541 4029 666 3519 5586 1823 4238 3608 1947 395 688 2104 6795 4133 6637 3168 5974 5723 6489 3341 5744 4670 6365 5653 181 6777 3669 3246 5547 1949 4732 53 5196 161 1552 4715 3066 4966 100 7184 475 3697 1029 4045 817 5839 443 7088 1059 6959 2580 826 6935 4400 7174 738 5141 3724 6340 4903 4876 1323 3409 6079 5636 1604 2100 5722 407 4439 2473 3894 1596 7252 3561 4356 7459 649 1463 955 2096 309 3513 1654 453 6080 4068 7236 5607 384 3481 7036 1866 6328 3232 4518 971 3443 5911 4104 6454 2492 583 5001 1246 7159 6212 1350 5884 3754 5181 3630 6323 4736 1502 6753 1592 5763 2914 1099 5160 3599 351 3628 4885 2148 437 1188 2287 1688 4192 3816 7131 1450 6545 6001 5352 6221 4325 14 3315 7406 6379 3306 5807 4619 2937 2666 1332 4426 208 4191 4602 6628 698 1533 219 6592 7458 5252 3683 3864 1284 3771 4309 6879 5200 5776 1959 4566 726 7007 5587 6017 3 7231 410 888 7330 933 1394 6540 4165 2839 7254 1 138 745 1891 834 6426 6550 5872 4342 6752 3696 4680 6035 6517 394 6069 1776 39 314 4013 6689 1118 6565 6794 5468 3262 5378 4739 105 6587 6858 631 1844 757 2903 3127 5747 4194 5176 492 2777 1981 2300 3338 6075 3742 1920 2794 76 4446 6423 5714 2807 7023 5533 5057 3542 6408 6252 703 6864 1256 3844 383 224 7208 3794 3281 3421 3611 94 586 6669 2597 5541 5435 4961 4907 5770 6446 611 2723 3837 3761 1912 2820 959 4394 4772 5358 3358 1759 7417 846 1102 3644 5855 3664 571 2871 6126 824 1882 6854 2458 5665 3494 3153 3852 3503 2034 2854 6722 2908 3399 5427 4246 4497 5988 2170 2660 6936 4548 5278 2223 1516 6341 924 3895 2665 1697 4806 654 6039 1168 6714 4444 2332 4235 2101 7032 5428 4801 4135 1035 2110 13 2969 184 6432 1659 1859 1788 1938 3638 5955 4947 3731 5699 2648 2369 4178 2917 2568 3379 4523 845 681 4405 2649 794 4138 5089 6133 5962 1217 1422 6775 6162 5798 4938 3807 2932 4529 7114 6160 2150 5150 4884 6685 4612 2565 4817 6312 4572 323 2617 4675 3470 5066 7397 4331 6457 2984 57 7360 5049 3217 5898 5376 5283 7077 5775 7249 84 2127 1790 4159 3553 692 503 6621 3173 3105 5212 1691 5820 6626 472 5876 7187 3525 2703 3000 4687 4618 1671 2907 4278 4266 7112 1716 2746 4432 4361 675 3764 7305 3943 6319 4853 6975 5877 1623 6608 4731 4793 7275 6716 6902 6089 6816 1175 6452 3723 3382 4940 158 4867 4062 2059 4822 880 6057 1894 7345 5559 474 908 4447 2009 6246 4998 904 1956 1084 2176 2378 2899 5281 1312 1712 2475 1884 5814 4302 657 6946 2934 5619];

Primitive19:=[575 4082 6962 4564 5259 4803 7205 2446 560 5470 5349 6029 447 5830 5979 6513 7479 5933 577 6443 5079 4153 852 6317 4352 4882 5575 2539 6542 2437 385 5454 5189 463 4376 2982 4847 683 822 1112 5183 2706 7439 4058 623 7030 7021 4144 3128 7429 6156 2398 2710 7418 7258 1758 5745 1839 392 1544 3407 1376 5961 4099 6109 4098 7245 2425 6145 1293 6852 6892 3492 4669 7472 69 6240 4724 316 4114 1829 4323 7461 5241 2747 5611 403 3622 7177 4006 6913 2253 810 5395 3324 2775 4678 6604 2336 1467 1147 2791 1564 886 1477 3849 7024 5218 2714 2073 7393 7477 2321 3821 3051 6404 6574 2390 6407 4395 3410 2774 3651 6769 2745 2241 3517 4656 4040 3158 122 6624 2948 1405 1593 7391 737 862 3635 818 4213 2630 7312 1001 6569 1802 4041 5980 2167 2644 1826 3346 705 3184 3685 3544 5101 4201 2122 6383 1827 6886 7379 660 3225 1721 2277 3412 3121 3981 3139 6800 2509 2593 128 6320 4863 2049 1994 3682 6760 2341 5845 2875 5749 4890 4760 2291 2328 1507 3161 3891 2482 4021 4253 4988 2526 3203 6701 4311 4379 341 5355 2151 3711 5288 5265 2912 6585 3188 3197 2359 3841];

Primitive20:=[2582 833 1780 2717 1635 1482 6347 5327 6072 5415 6490 2267 426 5254 5751 4343 1931 4660 6007 2760 6301 2214 1727 7215 850 6191 997 5507 835 3543 1306 5171 5417 6415 1642 1486 1532 2298 3693 895 5311 5936 2230 1684 7278 3381 7038 4328 5758 5180 3142 6571 5227 5948 769 2413 2501 5976 2629 1900 413 1976 1957 5086 2001 920 7456 5646 5146 1009 151 3187 2844 4216 2862 5247 3588 3920 7250 2961 3671 6220 4520 6248 7301 1614 790 1705 5121 4243 7153 5858 6201 5609 2930 329 6486 6812 5730 5420 6756 812 4270 6992 2234 3301 4737 4065];

Primitive21:=[575 5009 6783 3464 2200 6299 5080 2518 2534 6602 6377 766 3434 6523 347 1536 4168 7308 2222 4868 4882 5575 2539 6542 2437 385 5454 5189 463 3340 4744 799 6225 1044 994 4275 6731 5569 1696 508 6958 1331 5287 3842 6526 6460 2024 652 4035 2522 5488 4596 5997 7075 1613 6834 3603 6375 3924 70 3474 2334 1392 2239 205 6939 1078 2181 5847 4319 506 4780 1550 303 3851 7358 4392 6715 4002 1275 1617 4757 2743 6566 1868 1489 2533 584 4950 276 1187 4265 5694 2466 4027 6634 525 6292 2656 3207 5489 7316 4845 4424 2998 4465 98 1157 3303 5442];

Primitive22:=[1720 5674 3012 3091 4658 7170 1362 7290 7283 1602 3268 809 6287 6940 387 6930 3297 1818 133 4930 2515 752 3223 1570 3378 6650 3016 7466 6020 6468 6004 6980 3681 6996 1196 5467 2430 6768];

