Primitive1:=[Cone, [-990.426 0 0 0 990.426 0 -0.990426 0 0 0 0.990426 0 -0 0 -0.138043 0 0 -103.709]];

Primitive2:=[Cone, [-17.4149 0 0 0 17.4149 0 -0.288509 0 0 0 0.288509 0 -0 0 -0.957477 0 0 31.9066]];

Primitive3:=[Cone, [-18.8877 0 0 0 18.8877 0 -0.727345 0 0 0 0.727345 0 -0 0 -0.686272 0 0 9.11541]];

Primitive4:=[Cone, [21.6001 0 0 -0 21.6001 0 0.291486 0 0 -0 0.291486 0 -0 -0 0.956575 0 0 18.0169]];

Primitive5:=[Cylinder, [28.5487 0 0 0 -28.5487 0 -0 -0 -1 0 0 -25.4]];

Primitive6:=[Plane, [1 0 -0 -0 1 0 -14.2743 0 -25.4]];

