Primitive1:=[3878 2059 575 4336 169 4446 2650 1590 2770 359 913 2857 2644 941 3342 3370 1762 4369 4553 318 1320 3405 735 1293 212 264 4188 3435 2571 4407 1185 4817 1593 3827 1862 306 2312 1535 3010 3894 4439 1373 2871 4421 2155 2772 4953 973 4454 3514 2743 1815 3088 2624 2348 4853 334 4202 1753 8 1269 699 930 3675 294 3072 1388 213 2831 707 3927 4846 3942 887 799 2930 3962 2045 2434 1791 1240 3042 1148 4204 2558 2782 4149 4868 2506 932 558 3425 749 1025 2291 4631 641 1173 1695 3414 4536 4178 47 4111 4848 3549 265 2670 2661 177 3186 2371 2499 2647 3562 86 1436 4089 1175 217 107 1734 3682 1632 2819 721 1402 4450 4866 682 4444 2807 335 1283 1902 423 532 30 4067 1438 3553 3459 554 1953 3030 4794 200 4425 2428 4819 1315 11 4663 76 1833 2519 3380 3658 3897 1003 2239 668 3651 3386 4877 3535 3839 4143 3141 4311 4733 3891 1778 3416 1083 4126 3251 1186 3606 3749 4562 1497 4173 3441 3083 12 3581 310 3983 2061 4986 1572 1718 584 811 2058 4919 46 844 2950 1107 397 2088 2006 2112 1702 793 785 4782 4774 3637 2066 510 2319 1836 164 1403 511 3790 2564 542 1418 1710 3044 1859 2439 3257 4343 1700 4337 374 2948 512 3493 176 2992 3165 2419 704 1545 3321 1517 4717 2882 1091 3838 2526 4215 3701 2448 1304 2920 3367 1897 1324 2971 2522 2405 4530 3798 816 2674 285 598 287 4792 4151 2017 2084 1177 449 6 2289 4380 3337 84 4030 1681 1351 1599 216 2932 441 2268 3573 3833 4823 1274 3060 2619 4507 1053 4903 714 1356 777 4392 3524 2746 893 3290 3793 2683 2890 1101 1588 4747 3948 4145 2383 2358 3689 295 4659 4199 3054 1462 2560 4504 3931 32 3356 443 1679 1764 565 3111 2685 2590 3662 1575 152 3373 4081 611 4529 1922 2068 2205 1480 1543 737 1761 1359 2879 1579 680 3381 448 1949 1820 2172 1435 254 2752 1153 3078 2813 2556 1947 1198 4286 3203 4076 130 4812 1736 174 1930 2744 589 711 3410 1421 3952 1010 386 1578 2005];

Primitive2:=[3878 2869 1185 4817 1593 3827 1862 1372 320 3063 1771 3507 4078 148 1586 43 1711 4790 3097 902 2201 1393 1969 4287 4495 2231 4434 490 1649 4170 3148 3847 1750 4305 2648 4927 162 2130 2159 4654 2524 75 2799 651 4371 506 1021 1746 3623 996 1360 3125 4056 2856 3860 650 2735 3989 2935 573 2333 3747 133 139 974 725 2052 2107 1353 2421 3090 540 2781 101 3501 1557 3551 4711 341 1843 2240 4924 68 484 108 2568 1574 3209 1458 4932 613 3185 4549 3974 21 2974 1187 1795 1520 3508 2248 5 1047 4347 1603 4176 379 4297 4064 3750 2745 4385 1162 2965 4993 1708 803 3374 4604 40 4968 950 3423 1637 388 1851 4635 4565 1968 1031 2496 3143 3848 433 2680 2775 155 1070 3932 1479 2529 4191 2818 2896 2160 3732 4362 4891 962 3189 4751 1235 28 4664 1036 2135 3043 2610 4646 2244 1731 4349 4597 4695 4256 1477 1691 82 275 4403 2494 2553 1485 4578 1515 1938 2031 4461 3224 16 1614 1926 2689 3895 9 2984 4328 4487 4447 4660 4079 1448 2134 2779 4541 3738 4758 1834 4916 2192 4723 1050 4382 2246 2602 1501 4313 502 3704 1247 333 156 1405 4476 3672 4254 2282 4639 3669 1338 4931 1473 2140 3057 4234 3178 4500 1774 4103 1898 1978 618 4100 4335 290 4481 2540];

Primitive3:=[2394 4676 338 2699 2099 1203 2040 3462 885 2295 3813 2573 3782 3760 117 4576 771 3699 307 2225 2297 395 1813 4573 2844 678 1789 4073 2518 3837 1409 792 4028 2922 4638 2104 3987 3677 818 2378 1720 1138 3346 391 2220 219 875 776 3767 77 3449 4193 3554 178 1476 4655 2123 712 2589 3590 3968 4563 4213 2754 383 426 1798 393 4826 3009 931 360 1642 2020 1937 4734 3624 3302 2801 1529 3884 482 3394 4745 4433 504 3781 3082 3520 4018 2544 758 1742 263 3418 3001 4048 1152 4355 19 2366 3803 2567 1712 2318 1839 3598 4486 773 81 3109 2146 4757 2449 3028 2292 2486 848 731 456 1567 2966 3512 1391 2190 29 3334 4003 3949 999 3246 751];

Primitive4:=[1358 4277 1331 2832 1289 1643 1323 2938 1737 1384 4095 3656 2793 104 2396 1137 1103 2732 2367 2865 2261 1528 1871 3679 3372 3886 4982 4937 1576 3495 3955 3503 614 2629 3498 834 4300 3841 919 1263 2360 2004 4273 2636 4516 1986 685 57 337 1531 2485 3194 1745 272 435 3657 2895 3854 3557 3000 3559 3472 3504 1329 459 2255 3681 4249 4185 628 380 2784 1455 4840 181 3192 2773 4912 2969 1688 1971 2180 892 2251 4705 4875 4869 33 90 1276 1841 1975 3724 3287 4748 1757 3157 1523 3272 2646 557 1423 267 1190 143 3179 354 2528 1797 260 2133 4195 1317 4267 3284 3474 1439 2376 579 3908 1939 3671 1299 2827 3840 1965 1461 4094 3319 2990 4233 2815];

Primitive5:=[3127 191 1425 2119 2811 2658 2942 2232 63 4572 4042 903 2474 3347 4303 458 864 1099 2169 4619 2657 1624 4232 4186 1583 1860 3883 1093 3469 2918 1082 643 1124 4975 3140 3164 2418 2247 1828 1221 2780 3333 2603 4626 389 2817 470 268 3182 4914 2398 2808 3764 1005 158 4038 2354 2109 4713 1585 3766 1894 4771 1467 2078 4918 2979 3717 2598 2536 1364 269 2242 3986 2438 1147 1596 4814 4116 4870 2122 878 3325 61 602 4651 2300 518 4600 2145 2859 2032 1600 2194 4542 3144 4679 1662 3107 3930 632 3965 2157 3101 2125 1548 4222 4144 2535 50 2909 761 2761 2953 1026 1254 4776 1569 2894 3352 71 4024 1663 660 2324 1827 3455 845 2892 1915 479 3906 1029 2851 180 2277 1346 1889 616 2737 119 3338 1990 4160 2072];

Primitive6:=[2059 575 4336 169 4446 2650 1590 2770 359 913 2857 2644 941 3342 3370 1762 4369 4553 318 1320 3405 735 1293 212 264 4188 3435 2571 4407 1372 320 3063 1771 3507 4078 148 1586 43 1711 4790 3097 902 2201 1393 1969 4287 4495 2231 771 3699 307 2225 2297 395 1813 4573 2844 678 3656 2793 104 2396 1137 1103 2732 2367 2865 2261 1099 2169 4619 2657 1624 4232 4186 1583 1860 3883 1093 3469 2918 1470 3715 1526 469 2491 4607 2362 3945 4645 2767 3893 1911 1625 2994 3295 4264 3616 3874 4940 2478 3343 2490 3400 4397 842 3889 933 1562 4243 3752 103 1410 2202 2074 4376 2550 2044 2924 1541 2928 4449 1730 727 4830 4057 4346 1434 4220 293 4045 2208 2998 4436 2323 4618 4006 2422 2952 3096 1180 2117 1319 4125 1049 4724 3620 2954 4525 4251 4714 4448 4701 1803 662 2929 939 3775 645 3376 1024 3958 2259 3748 2127 547 1758 4019 4805 4325 4467 3737 3348 2436 2481 1072 896 283 1639 2372 4005 1332 2908 4603 3359 677 4059 2862 2395 3539 3432 2757 4113 1767 1028 1918 1013 4415 3780 1327 1033 612 4452 2165 1525 3231 4810 4512 2269 2141 4292 2866 4036 278 4856 4423 3169 3420 819 3085 1884 983 4888 2177 286 2417 3579 1721 4636 4978 3187 695 1719 2727 852 2682 436 1386 4923 603 2309 3031 3208 2995 1074 681 447 4093 4623 2174 328 4210 3008 2416 4749 2129 4408 3580 4238 2677 227 2370 861 4583 869 2465 788 4954 4890 3909 840 1694 3882 4942 394 121 2462 1232 4972 924 2810 2339 821 4422 1732 2113 4499 4092 3407 1680 4929 3920 54 1957 4312 4712 3604 774 1756 3191 1316 4865 3755 3937 2036 3770 2320 1967 1200 3816 2101 4323 2747 1536 425 256 2411 3315 3896 634 3434 1995 990 623 702 3017 302 1088 1616 3306 292 3119 1623 4445 873 2692 1112 2615 2377 1136 3214 1135 4772 2038 1982 311 1164 4074 2147 45 4451 3788 2951 135 3934 3296 3758 3188 1958 1092 2621 1802 1874 3988 4026 2577 4532 4517 2296 4731 1343 1041 905 271 3252 182 846 3536 2660 2986 4921 2921 2271 357 1228 3499 3437 153 4650 830 236 729 2245 2266 733 261 2237 946 2714 2335 3921 4675 2916 26 4082 281 2252 4627 1210 2715 51 1636 2479 3668 172 2841 13 3869 1239 4351 3800 1913 2408 83 3244 252 1979 4262 4718 1215 3966 906 2407 1666 2409 300 503 4716 3523 2014 3804 1751 881 528 3680 4832 3613 2073 978 4181 2538 1866 1266 2826 1755 2537 2056 2521 1584 1856 4419 2839 2903 4157 3092 2759 1587 1179 1420 1849 3844 1303 2688 1104 3261 4958 1429 4617 3293 3070 1788 3850 730 187 1114 980 3667 1724 116 3132 993 1115 2349 413 3399 95 2756 3836 2853 1571 1250 815 3538 4387 3226 4708 4871 2079 3391 2023 2786 4475 703 600 4029 4469 4615 908 2575 3960 25 196 3401 1122 1997 1395 888 4995 1079 2579 4400 3300 417 1394 4680 331 1714 1850 193 1931 4211 1512 2741 4383 351 3851 2587 4219 814 4720 1216 3607 60 427 2539 2515 1482 3378 2898 2186 3676 3862 4087 1655 3366 4474 2095 3576 3130 1799 4628 214 2114 3956 3351 149 3586 1158 3415 550 1120 2593 1607 1768 2849 2719 3032 1566 1478 4951 460 4455 4107 3947 2425 4291 722 3167 2876 683 1246 559 4209 4231 3785 125 1660 1811 832 1825 1505 2698 3451 1499 2375 4276 1236 951 1667 900 3697 3149 3335 145 1826 166 2182 39 175 2381 4691 3322 3904 860 3049 2431 2582 4552 1178 3881 2569 2634 2502 188 3659 1806 2679 3137 3879 1903 483 2783 989 545 2267 1703 4551 1253 1129 1081 2365 3099 3853 1043 859 981 1260 1068 2973 728 741 3621 2493 4239 2840 2166 4948 2617 1647 2891 1706 4424 965 4390 4308 4885 4685 4159 4577 1472 3228 2110 3431 3877 375 4230 2344 4785 720 4363 446 2695 4037 609 4684 4244 4304 3206 1670 607 3104 4599 3967 4802 2655 24 782 779 956 3541 1424 1314 1108 489 4299 4394 2288 548 4386 1251 3080 431 2563 2881 4703 3110 3716 572 4652 2596 228 1876 1610 806 4861 942 2464 1174 4494 218 1842 2776 429 3134 3731 1059 1362 563 1823 3055 2224 1551 199 1544 1920 3301 882 948 2047 2845 3388 4594 2740 967 4658 416 778 2351 4258 4296 3492 1605 2557 1532 1895 2380 2637 3789 1062 631 1422 4473 1295 2163 1886 3627 1781 972 2236 3277 1256 3736 3571 4314 2455 2804 4441 2064 3267 2027 2609 3691 415 128 3926 67 4460 710 1650 4966 870 1881 1808 1045 3643 3600 767 747 522 3281 605 3240 376 3 4164 362 4404 4809 4907 2822 2993 1760 3866 2505 979 4010 3721 2999 2884 3174 1061 2447 1383 1302 157 1829 2753 3018 1981 3802 3763 1555 2713 2392 343 301 1121 2748 2234 1370 2886 1628 91 2816 1534 1097 3464 901 4586 190 1917 4266 928 1675 2067 4289 1676 4456 2766 986 463 2397 768 2279 378 3812 113 239 4936 114 3856 4109 439 140 959 344 675 2049 4207 2794 171 2126 971 2883 247 639 4068 4550 2243 4011 4588 2545 3457 2667 2875 2798 505 2203 3225 66 4120 4130 943 2500 1118 1944 4047 3818 617 2217 3585 1773 515 2347 4602 1682 4083 2191 744 1071 536 59 1259 1693 3278 2760 1824 1728 1262 2477 381 843 637 1747 3981 3368 2336 926 266 3885 138 1167 3828 4463 3907 3265 884 1241 1065 3398 3486 3417 4984 3079 4198 1032 289 3273 2755 3154 2729 2555 952 4167 4324 4016 530 1594 52 3806 580 679 4768 626 1500 184 4598 4909 3822 1270 3316 3308 1085 1669 4101 4622 3572 2262 409 224 3916 2874 4066 340 3608 2399 945 1988 1838 1034 4949 94 3081 2765 1389 2797 3406 1218 2459 1159 4326 1940 1816 3364 1184 2215 2724 1652 2833 4520 38 500 3074 2046 1126 2870 1633 4845 1416 3655 382 3728 3741 4061 1227 4399 4709 4201 1249 4700 1312 369 865 1577 273 3939 2325 4295 1568 1413 2275 186 3076 992 4538 1442 4205 2787 3279 4051 4172 3664 189 2656 2432 3215 3478 3583 70 3385 485 1286 3980 3996 3121 2369 1974 4753 1469 1307 3688 2216 2346 3973 361 3720 366 4668 3147 2085 330 3100 3172 4867 1769 3824 2530 1558 4106 1686 3687 847 4401 1007 129 233 1119 4935 867 3387 4746 167 1213 442 2167 2328 4798 4625 640 1417 674 1181 450 1671 2317 1484 2988 291 348 185 1597 1626 4595 2836 4263 3528 69 4223 486 4411 1530 2532 2426 4808 2298 2855 693 3734 4192 2749 4359 118 4012 521 2788 4764 296 2471 3706 2024 2809 2520 1998 1793 716 4361 4008 3634 4858 4281 246 862 1397 419 4546 4409 2350 4648 3595 1601 3068 4075 4721 464 2559 3311 403 991 4880 4368 142 4135 3546 2048 513 3124 3007 3578 4908 3898 499 3309 1589 2331 2025 3532 2227 1689 1191 4398 3310 3047 2738 593 4944 3222 3899 907 2723 1943 4544 4735 947 4257 4127 1835 4682 1084 4097 4941 4897 2825 1606 2702 4558 1156 4395 4750 1272 165 1426 2666 1154 4406 1098 319 1207 2941 619 2374 3276 3832 2705 4252 2115 3323 4946 2329 3502 3484 4657 1406 2868 1326 853 322 3834 4815 3050 1371 4901 987 4141 1193 4587 2814 3712 4134 3062 1542 1954 3648 630 3778 2690 3216 3471 455 4182 4393 1285 4117 3751 3098 2051 801 2253 1952 4514 3776 392 765 4697 2852 3490 3266 3073 2917 4453 856 2861 1868 2065 1381 955 2900 1784 4683 1058 1508 78 4833 1699 4889 3066 3995 3961 2678 1459 3307 2991 4366 3006 134 4605 2791 4821 4285 1309 4955 4554 4212 1282 3635 1907 2062 3924 3448 673 596 4471 2887 3229 4002 3526 371 2235 1533 3392 3491 2306 963 4847 4065 781 3133 2510 2959 3875 591 2229 4793 2790 2967 1311 4533 2290 3753 1188 1161 4072 4462 2021 4443 445 2228 4352 3286 3409 3095 3253 422 4965 1641 3197 923 1004 1504 4442 1659 791 3647 1075 3069 3428 163 3037 3678 3475 4105 3786 1211 1564 3382 1204 4044 894 304 3999 3641 2467 4915 3809 2000 2210 3160 3258 1821 3237 1951 1687 1063 1487 1123 225 3131 2443 2013 2686 1437 571 466 2263 4630 1942 3198 2717 897 2531 1901 4194 3239 4582 336 3363 80 4344 854 2402 3002 2334 2151 608 3117 1635 3442 1244 2888 4729 1444 1495 4119 3661 276 1208 783 1471 769 3950 4715 2413 1347 1132 3116 3998 4102 1006 2501 4477 1783 691 2963 3207 2445 1144 855 1993 2071 345 1431 3118 1573 3235 3640 3625 3241 4489 3439 1412 3823 755 2189 1145 240 120 2919 2968 935 1630 975 402 994 3859 4389 1220 1984 3975 3087 3794 2093 4040 4338 531 661 1052 2009 638 874 1785 1014 3193 1741 3271 4527 2483 495 3236 2148 4484 4279 3565 525 1042 4333 3039 760 671 41 4591 2516 567 203 2256 3361 62 3513 3652 2643 4873 4391 1890 1051 1946 220 3805 918 412 1554 831 141 4561 1973 4137 3619 3733 1067 1452 1509 1959 3384 3638 594 658 4842 2143 1163 1023 4031 2257 4540 2284 4070 2639 1770 4206 929 1776 3170 839 2858 3922 1237 1909 1707 718 1018 2910 2345 2718 3742 2711 3561 324 3614 568 533 1328 2983 2625 4992 2461 1744 904 2083 1298 2885 2777 1090 1354 3530 2100 2343 2893 3509 4367 1725 2280 3446 4882 329 3360 4670 4920 3021 2774 1934 3880 4035 1252 3326 4693 3568 4741 1877 1486 206 4580 79 4478 2533 4490 2982 2214 828 2947 2721 3369 2188 3426 2604 4539 4432 1936 3259 161 1165 4952 4169 2583 406 3505 408 3058 3902 3575 4340 2187 1657 4678 3714 4364 4265 4930 3227 1916 4692 4096 4820 3332 1169 3654 1020 3592 234 2616 1456 4811 4216 1378 3808 659 775 3792 3430 4190 1502 2037 1524 886 1142 4976 245 3429 3128 494 2687 3653 4055 4844 2226 866 2385 2276 4904 1513 912 4839 3963 4760 2936 4430 2546 1140 3694 1440 2315 910 3202 4196 4236 4656 2136 3871 1518 1415 2739 2612 2728 2293 3971 745 1002 1055 4677 3056 684 4584 1201 1446 3515 1908 3726 2128 1819 4203 1483 1540 2441 3038];

Primitive7:=[3878 2869 2394 306 2312 1535 3010 3894 4439 1373 2871 4421 2155 2772 4953 973 4454 3514 2743 1815 3088 2624 2348 4853 334 4202 1753 8 1269 699 930 3675 294 3072 1388 213 1750 4305 2648 4927 162 2130 2159 4654 2524 75 2799 651 4371 4676 338 2699 2099 1203 2040 3462 885 2295 3813 2573 1358 4277 1331 2832 1289 1643 1323 2938 1737 1384 3127 191 1425 2119 2811 2658 2942 2232 63 4572 4042 903 4524 2803 3051 4161 2206 3639 724 3152 4110 4755 4564 87 2035 2458 2233 3454 717 957 3548 1519 3317 353 524 3292 2514 4849 5000 242 308 3166 3035 4242 1748 4787 2034 3393 794 4555 4694 3145 2018 2956 3456 3872 3772 501 2138 762 3034 890 22 2843 4063 1556 1646 4217 4581 1151 4641 144 1963 471 1945 3826 102 3684 4342 3318 4696 1983 453 4259 4104 3985 3184 3233 2211 1807 1858 4534 3552 4513 1956 1832 2495 3666 927 497 3146 2572 4613 3452 1125 4831 3936 3071 940 1615 3112 3935 3564 1301 1723 4971 2152 4585 2904 2030 232 4483 3707 829 1109 4860 3695 1852 4699 4496 566 4177 4980 3710 541 3711 1048 2230 2611 4268 2551 2199 4593 4502 2302 4988 1489 3011 739 2103 4722 2906 2961 4402 796 4786 3703 4227 556 642 655 251 137 3685 1337 4189 1382 2523 2626 723 4187 2997 3350 1677 4673 4465 797 764 3815 3263 1521 4994 407 1233 3341 665 3582 4224 3029 253 753 1344 3991 3633 1863 4154 3708 472 2927 3594 3928 2860 1507 1673 2630 763 3339 4270 1496 4001 65 2453 1754 4426 421 298 3282 2002 4428 4804 2285 4246 222 496 1664 1009 3612 2139 4661 1392 3722 2848 2008 4247 74 4756 2060 3254 259 192 136 615 4168 2012 2080 1927 428 4350 750 2576 838 401 2872 2430 110 4568 3810 2681 784 3015 648 2508 1095 1322 1539 3289 1248 1739 4041 577 2600 1560 2307 2565 1701 1516 1110 2733 4996 2771 313 3858 1345 1985 1160 726 4637 1375 4743 3631 346 4132 583 2907 452 635 1847 4122 4288 4373 734 3702 2642 1404 4569 2082 3739 3242 3234 4522 560 698 1735 2364 968 2412 2548 4990 4672 4574 1102 1668 4773 2097 2703 3221 4783 2390 3602 183 1015 3468 3135 4479 805 1046 2570 2823 3630 4501 4707 4260 4158 3294 1457 1923 3746 4429 4115 4614 1399 4142 4770 4681 1604 2015 1368 2623 3158 2769 4241 299 4893 920 2081 2562 2154 1106 123 3171 1941 2057 599 1800 2149 786 4235 4420 89 2055 390 627 480 4985 1879 1294 883 2778 4579 4690 3004 1960 1087 2476 4945 2137 3861 2838 2039 4060 36 2303 3298 2944 4800 244 4226 2605 3220 229 4384 1073 3957 4302 2854 3353 4899 1265 2726 3045 2075 4515 969 3912 210 4322 3299 1447 1527 4508 1340 4457 477 644 205 4128 154 3846 4298 3255 509 4997 817 465 3727 1284 1334 1308 3615 2327 507 4437 2489 106 3713 2028 1 2003 1116 1805 1297 467 4133 1810 3923 3830 738 323 3617 1608 2980 3443 4643 977 850 2676 3349 2742 2700 1705 2340 4640 2592 2541 3005 3773 2475 915 1449 3383 1330 2223 687 3795 3674 2830 7 743 3650 4765 4121 2591 3458 3483 700 1804 2087 3183 4835 1772 1875 4974 4052 3609 1896 827 4881 813 4947 868 2504 4910 411 3232 1076 2355 1278 4862 3743 2978 3324 1361 1715 746 656 4609 3887 1022 4827 1914 2542 1069 3941 2393 4528 2401 1511 3463 2513 4138 3496 595 4601 1348 4307 2089 2710 4317 2867 1258 4284 2480 4589 3022 4174 1219 1640 3745 3313 3470 4973 4922 2043 4345 3997 4863 4321 363 3312 4837 823 4887 3427 4779 2321 1812 736 1552 1861 2901 3461 1197 4054 1591 1111 4797 3151 2599 1992 1089 772 960 2805 2384 1621 1994 384 2042 4316 2281 491 3075 3177 2663 3106 872 2497 4608 430 1419 4624 1522 2213 508 2357 1488 3521 3480 4571 570 4435 2116 279 4828 2341 147 315 4671 4878 1352 2641 916 2168 122 3556 3533 461 35 4570 4165 4762 1040 1339 1653 752 4900 1195 4413 3864 314 1846 2627 1279 444 835 4727 2664 3940 569 1921 3094 1280 1629 4726 4091 4017 4834 321 207 4163 2925 2222 4906 3943 20 4 2076 4956 3466 221 1792 3218 4781 248 1245 2712 437 3460 807 1970 4472 795 3274 629 3777 1506 4612 964 1873 2260 4902 3303 3645 697 3868 2835 590 1644 400 1468 10 3951 4480 1638 1134 3611 1199 3646 2720 3693 3245 3992 4171 1367 1054 3762 1991 889 2937 2597 2379 2622 4166 3129 2958 4892 3084 312 1925 1775 2613 1553 1899 4319 2580 4503 3482 4744 2594 937 4999 4911 705 804 2241 3138 492 538 1779 111 742 2460 820 3422 1277 3264 1466 4943 4852 3320 2762 2132 1661 3155 1683 2931 4156 526 3379 3632 4895 1451 4228 4261 4962 2274 4960 3542 4229 3467 2254 3588 1474 899 519 2403 2659 2356 4886 2124 4991 1581 131 4510 1547 2939 953 1814 871 849 202 3543 1964 2442 4306 2162 1864 14 4857 226 995 4854 2949 4644 998 1273 115 4816 100 2957 1620 1396 1445 3919 1318 173 1665 1493 4114 706 3403 3817 4519 3843 696 546 708 523 3534 3365 622 825 3136 2645 4468 4669 581 4269 88 3831 3644 2708 274 766 564 2150 305 1313 2821 1704 151 4218 3142 3686 316 93 2736 1612 1268 4023 4004 553 2221 911 2444 620 2675 1550 3445 3692 587 1780 3250 1408 3102 1933 3929 72 2640 3873 858 4970 895 2472 1782 3159 3297 2070 2606 1357 3105 4928 1617 420 1622 676 3857 4791 1300 1380 1698 4523 770 15 922 1892 2847 4813 3331 3510 3787 3156 1987 2653 3500 1870 3280 1306 4152 582 3091 514 1494 715 4896 1713 1648 3086 3825 1257 3305 876 2693 1379 396 372 1182 4301 4482 551 934 4020 4084 1559 1634 1128 2829 1149 1549 1817 1433 4883 1168 4370 4245 4272 1656 3217 1672 473 4545 3796 53 663 4560 1271 3288 1891 1763 243 4736 4822 4329 1510 4531 1749 3768 2669 1844 2457 1267 4633 4535 688 1932 4983 4634 2534 4080 3153 4033 4590 732 4766 2156 578 2863 1292 201 2420 2672 833 3046 798 4850 2363 4859 2446 2764 1341 826 3201 3953 3336 4851 3959 211 1333 3175 2440 3377 2170 604 1961 2183 4739 3784 2069 3195 3610 1537 3783 326 3180 3842 921 1117 1377 4354 3230 1580 1305 4961 516 4049 1155 2456 4732 3938 282 3605 2404 4255 3212 3402 3525 1733 4686 2940 4964 2913 1853 1450 3285 2238 2631 3547 780 1598 2989 1595 1057 1996 434 4806 2578 3754 1296 2877 2482 936 3340 4339 3977 1374 2785 3436 914 1880 1011 3905 610 3913 2466 3845 3419 109 377 3990 4021 4688 92 3476 3440 4719 4647 1035 4124 1809 4621 476 1563 1726 288 1491 2651 1759 2527 667 23 352 4136 3518 4548 689 2638 1222 1146 457 3665 4905 2424 2433 2286 4917 3636 1443 2311 1321 1411 367 4759 3910 3168 3993 841 3196 3660 2934 1427 4378 2332 215 18 1336 654 241 2595 4013 1133 2308 4009 2652 1217 2985 3976 1962 1261 3371 585 535 364 3888 1690 4989 701 2607 4667 1171 3089 537 3473 2198 438 664 4620 1460 1929 3723 2581 649 1264 168 1100 3330 4665 44 2946 3771 3969 2566 1441 1883 954 1044 555 3537 3890 2665 349 2111 1727 686 96 3819 4410 3756 4485 2716 223 4689 1238 2673 1904 4969 4981 1717 2975 601 1752 3972 2750 317 4315 3673 4388 2437 2452 303 4043 3357 2824 1027 985 410 280 1077 150 2507 988 85 3527 98 3412 574 3946 4933 2987 4829 4725 4998 4730 2212 1546 4784 4466 2108 1948 2469 1385 2265 1001 2588 2273 4740 4575 2812 2792 2878 1350 1453 621 2706 325 112 385 4710 2926 1818 809 3003 2118 672 4763 3769 1194 636 4939 3248 4938 3601 1019 3219 1738 2511 2184 3260 2026 4702 404 1777 3663 597 2697 3411 3522 4438 2386 2019 4704 529 3944 1822 4950 2795 2484 800 194 561 1999 4320 3487 1355 2763 1176 1893 4334 1037 3759 808 976 2628 1243 1845 488 498 17 358 2414 2342 1882 3053 4050 3291 4492 4108 3126 3757 468 2691 4240 4027 657 4687 3587 3494 851 1401 3020 4884 879 4248 1684 4754 2707 4518 2387 653 3450 197 2429 576 3061 2492 3570 4294 3801 2943 2196 4761 3465 1854 1139 2574 2933 1972 4493 3696 4418 2305 1060 517 3489 3390 3799 4592 1150 2487 539 277 3204 3765 2509 3421 2314 748 4381 4131 1196 1214 2092 2001 3024 2751 1209 3269 4237 812 4214 709 1692 3488 4379 2923 4365 4225 195 4293 255 2837 3205 3569 4090 2179 4200 2388 2361 2731 3283 4825 1225 64 4505 2219 586 1056 3761 4253 4310 3200 3596 1481 2796 3683 1867 4977 2400 4360 4179 3113 2873 481 3023 2996 3354 984 3122 475 669 2517 4280 2304 1234 1172 99 1086 127 2806 4566 949 3558 2802 4039 1582 332 3915 4898 1400 2614 1722 1919 105 124 2098 2820 966 339 4085 1935 4417 1910 670 3540 2142 4559 2337 3040 970 3591 373 1008 2016 270 474 787 3181 4843 1369 2668 1885 2800 3729 97 1503 1430 2427 4357 4112 4356 1611 2722 4632 4769 1078 3210 3900 1955 37 4139 365 3150 4459 3161 1407 1627 1872 3345 2914 1224 1094 4526 2326 1465 2834 2618 1498 2730 2283 694 48 4967 1038 3529 1709 3120 958 3618 3389 2330 4431 4014 2960 1980 1765 4440 3424 3709 2905 249 3444 2105 231 405 2161 1242 1130 368 4250 2899 55 4034 1229 2503 2649 4872 3705 3744 4282 690 2022 2981 237 997 4855 1017 4458 1223 3560 2585 2197 4629 3162 3519 370 3404 478 4180 1888 2512 4148 4778 440 3914 2033 982 3593 802 1192 1287 2178 2620 257 2972 4728 1231 73 1064 2299 3807 4824 4208 3574 2473 1696 2173 1189 3329 3719 4698 4642 4098 534 1887 2053 1766 552 1645 1855 2970 4372 4069 4331 1414 4071 877 3327 3397 1127 4184 810 2218 3876 4007 2204 2912 2181 961 4556 4777 3517 387 4025 1454 3190 4780 2547 4488 3544 3870 4283 2734 235 414 3176 31 692 309 4666 49 3511 3270 3700 3918 4738 2725 3016 2195 454 2294 3163 58 204 1654 3865 3173 3797 2601 3243 880 4414 418 4925 3566 3545];

Primitive8:=[2831 707 1470 3715 1526 469 2491 4607 2362 3945 4645 2767 3893 1911 1625 2994 3295 4264 3616 3874 4940 2478 3343 2490 3400 4397 5000 242 308 3166 3035 4242 1748 4787 2034 3393 794 4555 4694 3145 2018 2956 3456 350 4653 633 1166 790 3275 2902 3362 4162 2389 4015 2911 2694 646 4275 160 1796 1143 2945 3979 754 2171 2450 2121 3603 1202 3690 3740 2310 3485 4147 4375 1325 3413 1492 1387 2915 4752 3735 4796 3730 4470 4153 2701 1255 2977 4358 2671 1363 2249 1570 3855 4405 3970 1141 4278 4511 3447 3041 4341 2086 2554 3025 1105 3982 1561 4506 3059 3563 238 3064 2864 297 2608 4838 1376 1475 1016 3901 3725 2382 342 1674 837 198 3027 1310 487 3550 4934 4879 652 1275 3599 3103 4543 1432 2586 4864 4140 2175 4767 3077 836 3994 4271 863 2185 938 1790 1490 159 4332 3314 1000 4396 1365 4807 230 3622 3115 3033 1619 2454 2758 544 4183 2144 2193 4498 462 2391 527 2316 2696 1928 3358 2270 1613 208 4509 4674 1012 3863 588 3453 2561 2846 2789 2880 451 2077 1837 909 4150 1157 399 3531 2153 1685 2470 1464 3067 4795 917 3626 4788 3249 424 4611 4521 4274 592 2633 625 4046 3925 2897 740];

Primitive9:=[2869 4434 490 1649 4170 3148 3847 842 3889 933 1562 4243 3752 103 1410 2202 2074 4376 2550 2044 2924 1541 2928 4449 1730 727 4830 4057 4346 1434 4220 293 4045 4524 2803 3051 4161 2206 3639 724 3152 4110 4755 4564 87 2035 2458 2233 3454 717 957 3548 1519 3317 353 524 3292 2514 4849 350 4653 633 398 1801 2662 262 4818 3497 3718 3649 3223 1651 3779 3984 3917 327 1729 1950 4596 4876 2313 2584 3670 1212 3867 4894 3019 2451 3642 4032 3355 2272 1066 2768 2029 2543 2410 1787 2549 3433 3012 4959 1716 4058 4290 3199 1080 1131 925 1794 4557 3065 543 4874 2287 1183 34 3108 1906 757 3013 3954 2301 606 126 4318 3268 3849 1869 2635 4464 258 4775 4377 347 209 549 3026 2684 3408 4979 2955 4129 2050 4963 170 1830 4737 3344 2435 250 4801 4077 562 1205 3506 1096 3555 4491 1463 1905 132 3597 1342 1514 624 4022 666 356 2498 2094 2352 3852 1912 4537 2850 1865 1786 1618 3477 3516 2368 2011 4616 4610 1658 27 3304 2415 3014 3395 4155 4053 2353 2468 4926 2010 2632 4309 1857 2704 3438 179 1678 4000 3978 1366 4088 3628 3093 4789 1538 4374 4742 756 1030 355 2976 4841 3820 1831 3892 3211 3821 2373 3036 4567 891 3774 2828 2264 2090 3911 1631 2964 3375 493 3791 2654 898 2176 857 3577 2041 2709 4412 1390 2131 4327 2338 789 3811 4987 3584 1113 1848 3698 719 3396 2552 4086 2258 2106 4123 432 520 4497 2463 1697 2063 4706 2007 1602 944 42 1230 3481 2120 4957 2525 1840 1609 3589 3123 4348 4416 4836 1335 1349 4547 1281 2091 2322 1743 713 1398 1206 1966 2164 3256 3479 1290 146 3139 2200 2 824 1989 2488 3048 4913 3814 2889 3052 4062 1428 1977 3567 1900 3829 4221 1976 2842 3213 56 2962 4330 3629 759 1170 1878 1740 3903 2278 4099 2054 4803 1039 822 4799 1924 4146 1291 2158 4175 4353 3835 3262 4197 2423 3933 2250 4662 1288 3247 2406 1592 284 4606 3328 2096 1565 647 3114 3964 1226 3238 2209 4649 4427 2359 2207 2102 4118];

