Primitive1:=[529 307 6535 1876 6989 3737 3728 6988 392 6234 784 1869 4426 2290 6516 2515 702 5372 3437 2409 4681 1107 5338 327 6831 1849 6080 2504 1342 1935 736 5936 837 6952 2140 2287 5738 5452 582 6224 3360 6355 4809 4697 3399 2219 3209 4474 5380 2079 2148 1424 4612 3913 6953 5318 2757 3290 250 61 492 89 1769 3469 710 6238 1318 6842 3439 2149 1824 3214 5474 3605 3732 4382 1226 4215 1485 6074 2443 6032 6487 1500 2695 6878 6342 4394 6812 1235 1931 2868 3923 4550 4265 5552 4757 3120 4520 2654 4286 866 6726 5495 2932 476 1393 1064 5064 1278 4596 3138 1625 887 4071];

Primitive2:=[2553 5758 601 2159 3384 4231 3713 1467 4744 6254 3657 2256 4365 72 5407 13 370 1640 942 5962 2103 5765 2275 4255 5370 5286 3715 419 3894 4992 117 2989 3438 5771 3922 3356 708 373 1686 2239 4226 3365 916 3028 615 3420 4963 6145 1609 196 2626 3751 3880 5560 1178 6546 905 2468 546 4432 6913 1183 899 6513 6887 2179 6192 5435 5924 277 4484 4843 4987 6008 1993 1462 6949 2455 6138 1814 5836 67 4466 2599 5902 6566 2679 1514 2717 5218 4694 310 1298 1992 4271 3425 2886 4977 4703 4178 5647 6413 5429 2253 5834 886 5328 2205 4283 5472 639];

Primitive3:=[3145 2233 2105 758 3183 6371 5089 4144 5800 1610 5543 1202 1336 6671 3610 1426 5141 5838 3113 2570 4907 2414 6983 3849 6925 4242 3995 4823 6565 5883 4228 4864 6540 3701 5436 5722 1821 59 302 5880 1366 3195 2004 2405 4782 2359 6212 1801 6408 3212 3334 6737 1905 3717 2877 6550 5606 897 1765 1192 5586 760 3799 6684 3600 6958 6023 5028 4335 1712 2044 6767 5769 3402 2370 547 575 5561 5096 2853 5275 1053 6040 3720 2660 6494 2946 4930 1059 6931 1929 819 664 6462 6019 5166 4762 2042 3676 2295 3745 5154 6428 2071 2417 4251 3725 5651 580 2124 2740 3416 2222 4162 6674 2138 3986 5691 4111 4206 6936 4666 6036 3588 638 5666 5378 6406 75 4494 2931 5776 1702 3057 377 599 5118 6876 5935 891 6843 1439 1490 3348 2671 1619 4834 3176 1365 125 3029 15 3555 1052 1819 6910 6189 2427 5915 1362 6320 1682 3300 1461 435 5464 4447 3747 5357 5033 1145 4385 2569 1703 6084 873 4785 3842 6430 5566 6752 33 6289 5853 3934 1955 553 3087 5832 6548 1982 5650 3534 5780 814 5456 2528 5297 6658 1035 1113 2209 191 5162 5617 6150 5478 4114 6102 6061 3990 5168 791 1952 6405 1727 5160 3743 364 820 3169 2814 4369 2216 6389 498 4750 4051 876 2719 4002 1714 1033 4705 5023 6481];

Primitive4:=[5604 4259 5883 4228 4864 6540 3701 5436 5722 3417 5163 2488 6754 704 2641 2705 2363 5636 3094 4885 149 4368 2072 380 2284 6366 5863 6838 4559 6274 5167 3150 5971 3098 1425 6391 3972 713 2715 5926 3898 518 5031 6968 2565 667 2691 6678 1240 5648 2619 2245 264 2439 386 1519 1740 6857 5133 1939 924 6923 4201 3151 2580 2471 6037 4802 6713 622 309 2419 1987 6292 6280 4887 2444 5292 3027 867 6919 630 6851 5061 1582 1564 2077 1154 1731 643 4503 1638 1596 6200 5929 5546 415 495 4080 6785 6054 5068 1284 6634 3141 3768 2251 1525 2976 5310 4483 6031 148 2777 6376 2327 3197 6365 948 356 4374 981 4509 1552 6290 2301 2064 5025 1575 1707 1471 3285 6222 6647 6975 3021 1826 5728 3345 6980 6090 6829 2021 2032 6964 6866 6002 2636 4495 6081 3926 6986 3783 4938 1949 619 6635 1119 4402 1694 4073 2109 4300 6732 4149 4477 4870 1312 5594 5304 3956 6438 5416 6987 3453 4781 2520 6245 6087 552 5115 2145 5222 262 5921 211 5332 2068 2184 6823 197 832 3398 2837 2521 3587 6392 4805 5873 5545 4689 215 5415 6610 4880 4801 3950 5242 2505 6107 6686 109 526 5172 5143 1603 1812 2121 853 5240 672 2959 1700 4604 3935 3696 1176 2050 270 6049 200 1257 6303 6335 726 2875 5029 146 247 5069 1383 6205 4592 6935 441 3663 4342 3968 4739 5051 6242 3739 6100 92 3981 4040 6060 2346 5643 1134 1231 3404 4597 5331 1143 29 2688 3998 1069 3229 6184 5066 3985 6753 426 1597 1850 4448 6291 6697 5027 5996 4485 1958 4254 2297 2128 3247 2936 2708 5424 6519 6815 1341 4399 1894 3411 5978 4510 3941 6149 2497 6134 5851 1286 946 663 4313 6345 3821 1437 5595 6379 6302 3068 2360 2970 6340 4622 210 6417 290 6914 3349 5482 4859 5892 554 1879 6328 578 3833 581 124 3397 6551 2458 457 3076 4298 1594 1313 6461 3441 4120 3091 2262 6279 875 4991 5356 1036 6351 5733 3486 1434 4728 6689 4826 4344 1077 3043 2461 5640 864 6091 2069 3222 6747 5404 3677 2038 588 6383 5548 2393 6358 4566 3882 5656 3388 4673 4957 5261 1843 3110 6465 6310 577 6721 335 5058 4444 3993 3800 6373 3085 2765 427 6846 6892 4282 1084];

Primitive5:=[2123 784 1869 4426 2290 6516 2515 702 2172 212 3911 1565 2308 279 4743 3620 4290 3152 3003 3773 5402 3219 5754 420 3266 5245 2887 6177 2846 536 3571 218 6568 5599 2943 750 4873 5608 3718 3444 1696 842 1742 792 2459 409 3629 6344 3876 3232 4657 3621 5348 4160 5583 5565 5908 1832 3363 3820 6258 6410 4767 3570 472 1632 1196 2526 4581 5782 5299 3802 4648 3053 129 5247 3073 6916 4038 3306 5746 3172 3658 3432 852 2711 1269 301 6645 6845 5024 4772 561 2272 3924 413 5018 515 243 1771 5535 5083 1895 6918 6784 6675 2040 6370 1356 3666 5642 4468 3378 2816 6363 5427 4760 3722 522 4835 2781 4268 3828 6569 3577 1030 2843 384 683 3514 2228 3632 904 217 6285 3873 3819 1959 747 4085 1954 1675 1198 2799 4975 2672 925 5896 966 1551 3686 5699 1501 1863 2035 2994 6263 2754 4263 3668 6575 3624 1522 4615 2428 3967 587 3100 4658 5277 1968 2430 2364 1427 1209 5381 298 4978 2106 6469 1848 3259 858 2096 1270 5119 5036 5708 4816 1856 3963 6293 1475 3969 5316 2698 5810 4812 4572 2680 4524 4167 5477 3815 6718 1601 787 6633 3979 2020 696 5512 1092 1194 3289 3957 4651 2133 1372 2862 2538 2198 6012 1604 1560 4475 4284 3583 2408 6630 2463];

Primitive6:=[5604 4259 2123 380 2284 6366 5863 6568 5599 2943 750 4873 4469 945 1309 6577 2634 3210 2533 5927 980 5903 79 4646 801 3433 4393 5630 5071 1497 657 648 5951 4205 4110 2922 1333 138 2630 744 4497 6821 431 1901 1828 5132 4390 5177 3358 3430 4157 5139 1669 2266 6771 4779 6044 540 524 1022 2755 5514 1852 976 2160 6232 1468 1736 2606 5126 5264 521 494 4776 2627 2291 6477 656 5041 665 4191 743 2146 2964 5704 4540 6332 3917 3976 2633 2014 1648 1027 5323 6954 1947 4118 2651 4439 6131 5778 3563 2019 52 3410 5952 763 6088 5940 1199 5098 4633 3797 525 1384 1388 4366 2917 6547 994 4865 2483 3576 6241 611 4065 2312 5725 4478 3392 2204 749 2876 6650 4397 2727 3758 6778 1872 5830 6955 422 5893 172 4273 2169 1441 4269 5696 5518 3052 3914 4911 3902 201 2861 5364 6172 6943 5062 6801 1347 2767 4595 6193 2390 2954 2183 6496 752 551 3680 3824 1338 440 4441 3400 2091 3669 3501 5727 328 3769 1483 2129 1688 2709 1614 378 6588 2207 4093 3351 5396 3803 1386 113 5213 6922 6394 6644 3961 1364 3796 979 5703 3766 3840 4875 1732 6070 5186 3380 6927 712 2993 2167 228 1457 738 6805 3500 4100 2203 439 4898 3521 1488 5149 1683 3539 4338 5922 1095 5285 5371 2753 3265 605 3109 1502 5030 4343 1913 2347 4292 6765 6267 1951 3447 2117 6719 2979 5208];

Primitive7:=[529 5604 2123 4057 5372 3437 2409 4681 5407 13 370 1640 5838 3113 2570 4907 2414 6983 3849 6925 4242 3995 4823 6565 3417 5163 2488 6754 704 2641 2705 2363 5636 3094 4885 149 4368 2072 2172 212 3911 1565 2308 279 4743 3620 4290 3152 3003 3773 5402 4646 801 3433 4393 5630 5071 1497 657 648 5951 4205 4110 2034 4831 4323 4924 2693 4464 3609 3781 1138 5492 4367 4710 6591 6669 2025 4192 4803 2885 1978 1204 1976 4641 313 1692 6047 1201 2642 2530 1304 5013 5969 5723 6571 5517 2352 1429 4701 6938 2785 1 5865 1246 6915 4279 4491 6553 166 1381 2384 4446 2577 4363 1093 6946 1568 3301 3590 2665 6213 4442 4942 2101 5888 2329 935 2420 995 6386 1495 3071 5280 3454 3248 4245 137 4586 3035 2506 6580 2031 226 368 2490 2741 4007 2024 5216 3382 5610 1254 6640 5365 3693 544 5818 5327 1260 807 840 3933 4213 2690 3009 697 4645 3225 1783 4932 1759 1469 6116 3125 3947 4094 1730 107 4944 6369 1773 5861 1900 6215 5672 3552 549 376 6657 1047 6582 3617 2830 4431 5448 3949 2400 2512 2326 5948 2264 6534 1586 6170 4140 6148 3890 4577 2465 4949 4878 3654 1531 1081 5093 1544 2822 1975 6420 915 5572 5444 5114 11 3580 6529 1351 1327 2475 2796 5278 3159 6598 4847 1346 6816 5400 3861 4139 5361 2350 2658 165 610 6237 523 5225 5995 644 1058 5868 1646 5308 5140 3694 5314 3671 1667 2655 2368 1570 5791 3901 6971 1189 4916 3690 6199 5354 2730 4095 1330 1392 6631 1188 3472 6179 2413 2723 5498 5192 5686 5070 5262 3154 21 1492 1920 2278 516 4869 1791 2431 2625 2524 5224 2151 4102 4257 4971 5054 4221 134 2045 2621 5715 2134 184 4624 6811 3782 205 5757 651 711 4400 4023 5214 3594 2551 3831 964 1837 6795 3846 153 143 2635 2902 2585 4544 34 3528 2389 3996 2760 6526 709 2534 6466 3785 4315 428 2356 3215 6063 4522 1981 5852 4527 3032 3253 1503 414 5343 4309 6427 4331 2793 5337 2790 2600 1767 5870 4056 5138 6537 6288 2195 1499 1480 4454 325 6398 171 652 4578 4327 1320 35 1071 854 6824 4579 9 2155 6827 1484 2161 3662 453 1891 3335 2622 4662 4235 399 3408 4695 3664 2656 3405 1802 2075 1530 5045 3660 4225 3280 4220 6698 4660 293 2971 4547 5877 1436 1082 4244 5739 496 608 3811 5082 3906 3187 4340 5289 3744 254 3703 1719 3638 6115 3121 4083 32 3241 5315 1938 3368 2776 6511 4267 159 3106 855 6888 192 4412 829 1197 1443 5075 689 99 6322 6178 3557 1153 5967 2761 1353 1496 1804 6456 3299 283 6933 3171 674 5537 4173 3502 3816 1553 1343 675 3593 3724 2331 2127 5555 2240 5693 4124 2555 6492 1099 3426 5615 3016 6897 680 928 4032 685 4558 597 4947 5135 2144 4535 4424 6202 3524 1050 2613 3875 6911 3692 6374 4351 3381 3741 5101 3311 1180 1161 2942 5774 3308 1449 6950 1187 3477 4690 3127 2388 6214 5794 645 6514 941 1410 1359 3560 42 1957 60 154 2185 436 835 4353 4893 4839 3233 5014 4888 248 2080 3847 1953 1985 5150 16 502 3287 6586 4358 4378 5244 4954 4848 2084 1431 3723 1513 3194 6632 169 1024 3595 65 6512 2023 1662 3342 5559 6602 128 5516 5113 1921 2250 1049 4542 585 2340 567 1407 5499 1466 1290 1237 6141 6277 933 3909 6725 5350 142 6796 1083 6731 5885 3492 4918 3051 6400 337 3772 4980 4678 103 5441 2232 1447 1075 3493 361 2629 1415 811 6062 6393 2594 1377 598 2373 1054 5930 3853 1573 2470 4719 1017 497 6422 3878 484 6868 5324 4307 3246 4941 2286 6599 1267 1906 363 2372 2197 6076 6601 4423 3945 1834 3455 6807 4078 3173 1126 1111 3740 5251 2556 6966 3036 3864 4471 4717 3202 2649 3307 3083 158 6894 2055 410 5567 3508 669 5151 902 4337 1618 5265 4355 6235 4232 152 4602 822 5081 5515 2047 5268 2476 3608 6867 5625 2938 1563 3415 4796 2891 4396 4909 4923 4460 5661 2324 4528 1463 2842 4628 4059 5570 5134 2835 2923 5217 2263 2810 739 4082 6439 1045 6992 5152 3559 934 949 3679 1629 1255 5941 3574 6984 857 782 4219 574 4433 4070 847 69 3371 2432 1795 2560 2089 5094 5445 2136 3786 1797 3156 2937 2037 563 3111 6075 2714 1080 2907 2178 2605 2442 6560 2745 6437 6710 4754 36 3937 5989 5021 6445 5657 4204 2561 1011 1520 6142 5377 5040 6993 3809 5659 6884 2489 783 6094 1842 3925 4985 4352 2176 2081 5334 3261 3823 6837 1141 5677 5787 2086 1328 1836 901 4280 4575 676 64 6961 4109 1902 5039 1673 3309 1986 4564 1195 1110 5200 3074 2491 3801 3190 1344 6579 6206 5955 2823 4308 2378 360 4380 3179 5891 5907 6766 5773 3090 4675 6733 6786 616 1642 3039 6646 1283 6101 6561 6664 4096 6708 4169 4552 94 6756 1029 2494 2648 1317 5174 5688 5239 1089 4196 6592 1157 2113 1799 2791 2637 3848 3418 4241 2157 5205 2992 3084 132 5111 4076 3695 1473 5471 2910 5886 6967 1888 3323 5913 2751 4629 6720 1156 4913 4914 6443 3273 3897 1559 3836 5538 4202 1303 1227 6613 3895 4774 1459 1252 3128 1470 5449 2114 999 1179 4795 2028 2345 4319 1390 3978 2926 403 4968 4751 2684 3228 6890 451 1464 1540 1588 701 1057 5564 1000 3989 47 2215 1023 2445 2498 2639 1479 5784 3271 2310 5627 6788 5419 2325 1323 3452 3243 1048 3812 4249 5489 1440 892 2449 6147 673 5017 5104 1148 4121 1004 6822 5311 6877 3350 6026 2958 1097 4900 2061 1924 2062 2218 2180 6454 6554 5211 2562 4294 3735 4627 5714 6316 506 4562 6676 2867 3168 4187 258 3295 3004 161 1711 6474 988 6907 5259 2973 1623 2137 3572 4129 2573 3077 3336 4359 2729 1822 4541 1444 3784 4053 6176 4790 3843 1026 4430 6533 4799 1236 1647 3044 6330 1717 4276 742 2223 3275 5131 50 4789 473 3276 6124 5295 4253 4863 4611 870 6268 6531 4193 2694 4982 6197 1114 4017 6869 1038 4584 4593 5184 4062 5303 831 3710 510 2628 1460 974 3479 4998 3794 4777 5797 4125 4824 3645 5502 1827 1238 4501 41 3835 4935 4312 4455 5067 5156 5547 1200 1977 5554 6056 1446 3637 4605 106 4890 3915 2996 4726 3011 633 3757 4132 2703 2304 3888 6058 4274 4881 5032 761 1040 1887 1656 5983 4665 3403 6564 1605 3393 2607 2550 239 5684 155 3221 2702 2895 1860 4333 2006 1854 4457 1998 603 821 2241 1660 5473 3332 4487 18 186 4020 1626 2746 2873 2897 6207 6166 4248 936 1726 1043 2532 1105 5234 1010 900 6167 888 252 6682 282 914 5182 5369 105 5593 2802 3160 5964 6882 2728 939 2213 2963 4207 1779 6699 1679 2797 2001 623 1868 3977 5954 6006 4800 2685 1587 3446 4200 2563 2315 3119 4386 1324 2750 2011 1452 607 3566 3464 3269 6256 3537 2892 5194 3244 4115 1926 3330 344 315 6552 5341 5443 3640 2027 3896 2825 6476 572 2962 4797 4986 6997 5187 2139 3920 88 2043 4117 3292 2899 6395 6500 3889 135 5982 5809 3490 394 6504 6128 2319 6530 4723 1823 2008 5682 4708 2452 6629 2572 2214 5946 2611 418 3946 5793 5824 3536 6619 5349 6653 5077 2053 6789 4613 4688 6858 5569 1918 2446 2542 2616 5665 3832 2904 2918 3543 3789 4607 3487 6409 3157 2070 4277 4498 952 6701 2576 1720 6117 880 4326 2302 5500 6401 5060 5985 507 571 1212 6154 4222 6009 1774 234 5849 2321 766 4108 2578 3230 1904 1678 5710 5975 5571 6491 2189 5991 923 2230 661 5750 5981 4617 6818 5386 5990 5393 2194 3357 4159 2362 425 3103 1106 2210 5675 5549 5376 5073 4090 5833 5550 1903 4908 5531 3284 3952 717 2675 5897 2480 3553 1613 6898 1305 6399 6455 5267 2882 4563 5479 1784 731 2615 4398 1971 3542 6639 688 511 1699 1211 2713 6273 1770 6763 1674 4793 5735 6017 1149 5649 3188 1186 885 2724 6307 2575 6581 3655 2683 6451 3709 1454 3107 1549 6239 785 3344 2294 6852 3834 3078 2593 1171 6875 6755 357 3158 1516 2298 4428 4136 793 4934 6609 2582 6025 1922 2107 263 6313 918 2097 5420 4813 322 1548 5914 3040 3144 990 3252 2434 2772 4069 4103 1864 4543 4392 2033 6157 1352 5796 3122 5785 5129 6210 3460 6593 5503 4647 3863 1272 1170 4004 4984 1884 2851 3851 5005 3596 3340 2451 2126 2303 5609 1624 2888 1664 3184 180 1950 6920 3468 4008 4005 3830 797 4036 2557 6133 5934 1505 2153 3813 1757 5491 6921 6924 5972 2953 2686 4937 1778 1316 3282 5086 4045 4364 4922 4496 4305 3407 2147 3532 2454 3547 3267 3097 1310 4030 5605 1722 4960 5302 1122 5249 1165 4972 4370 830 5587 1634 6073 1590 4306 6050 530 5153 6306 3982 4523 977 4413 1572 5790 6471 6024 1704 3496 2225 1584 3910 6605 2845 5721 1379 4377 3220 6421 1847 1248 3513 4670 1406 3139 6113 6123 87 4064 727 2344 1811 2854 6181 5761 4066 1756 1980 6209 1677 3959 6662 4165 488 4758 5373 5359 2060 3763 776 4508 560 4112 6350 2059 3177 3274 929 1402 481 2736 3467 6862 2248 4534 5999 682 2696 775 3601 4299 1127 2878 5319 1217 3149 1002 3134 4653 2780 5825 4119 5742 956 6691 2283 387 3131 6693 2662 2093 4373 4077 3 725 2747 6572 2620 4106 919 724 271 3770 4199 5763 3684 6661 6527 666 4 4884 6482 2355 5598 1946 2095 6702 1556 513 5148 6517 6536 3409 4640 4456 4101 5122 1994 2332 3240 6847 6620 456 4243 1405 2519 874 4765 116 1432 1874 4415 2392 4389 4472 1412 5092 5476 3707 3347 4769 1794 4183 1229 1162 2566 620 4238 1271 2132 6053 4821 1873 2142 5816 592 5616 3958 5088 3387 5909 5309 5826 2166 1518 2022 5698 4354 6505 5084 2341 2516 733 548 469 4997 4297 17 2987 4587 2120 4632 5078 6483 4214 2202 6030 6680 849 1706 6770 3991 4177 6071 6820 346 4636 5658 1394 930 6201 4780 1659 6132 2905 1306 6122 3852 4537 4122 646 4097 6352 2030 4786 167 4642 1120 6636 4684 1223 6435 4599 437 3648 5433 4022 2382 6265 6314 3497 6325 718 6643 26 2743 5745 5121 1960 3385 804 280 299 845 6854 3494 6790 3063 4732 5447 6368 3731 5312 1705 6271 2604 3320 6990 4788 2220 1593 3665 4618 989 3798 3636 3855 4882 6104 770 5466 3626 1308 5236 5462 189 1068 2744 3227 5333 890 2448 3322 5984 3474 6703 2546 3567 6998 2840 6323 907 390 3414 3573 5775 2712 4499 3162 2238 6198 6694 2187 564 6282 5887 972 1361 1433 3391 5147 802 877 5055 5398 3201 5203 5798 5802 4969 982 4999 1936 677 6870 2299 2833 4281 4933 1653 1611 4470 5959 748 4320 6906 5737 10 818 5899 4233 5812 6453 449 6758 6557 4473 596 80 3010 846 1222 1853 220 1091 5442 433 872 3203 1633 6508 3079 2700 4043 3778 4747 1990 3893 4667 6159 6865 3767 190 5724 4021 1279 3634 2564 3000 5099 1311 5752 1539 927 223 6696 225 4857 6416 716 55 3422 3495 1800 5751 1098 4256 3775 3706 1061 6622 5157 813 6833 2537 4731 4138 1487 5347 1172 950 2314 4288 6791 1880 6638 1220 519 388 467 1657 1911 242 5579 5321 1793 1871 1600 5382 6883 1743 5090 4829 2307 2257 2977 5993 417 3442 375 317 6140 2807 2165 3155 4845 2770 5050 2969 1245 1788 879 2252 1716 224 670 1846 609 762 3938 815 6378 6226 4637 6423 6387 3283 5220 2102 429 5895 2249 2682 5438 3395 6792 6169 297 175 2764 3633 4965 6772 5215 4246 176 5667 4293 1858 2453 5719 5226 1591 448 2541 2342 5828 5916 3691 2980 5229 6119 4610 296 5747 3760 5767 5344 6956 2173 365 406 850 2369 4876 3435 3505 1644 2737 3070 25 6488 6382 432 7000 2880 3883 6251 1037 2815 6475 1661 4013 4560 4383 618 233 1139 6608 3498 3374 4357 6419 4822 3352 779 2929 3463 4764 2175 5702 4738 962 404 6135 2115 4514 397 5307 1948 2131 6397 257 2285 4671 5850 6777 6490 4943 938 2510 1508 6974 1094 751 2338 188 662 3249 6016 1579 3892 4362 5580 5460 5233 3603 722 637 362 1680 316 2801 4240 4158 3096 4594 421 1003 2391 6611 550 3779 3491 3886 400 6942 4194 463 2481 5923 6624 6068 4063 4376 3213 2296 2677 2706 5490 6742 764 5668 3235 2425 3264 3964 5306 1655 112 3359 1908 4692 2957 4438 4727 501 4037 1969 1602 114 4707 1001 1708 681 3825 2617 6808 5346 2735 3389 4555 4047 3619 4860 6333 3470 3548 647 6039 6679 5768 333 517 6264 5505 4019 5219 3434 2909 3008 1268 5102 967 4871 6711 2915 1203 2547 3667 2697 6813 6825 6121 6748 6836 2111 969 6724 5065 765 6558 2919 5584 3324 6707 757 1423 6343 1348 4084 4174 5807 2396 6794 2921 5210 5801 6231 5596 1763 6415 3445 3984 4546 115 1580 2739 3602 1321 4488 4664 621 4493 4407 5799 4170 2808 5917 1543 1369 6727];

Primitive8:=[2553 5758 3145 4259 1136 307 6535 1876 6989 3737 3728 6988 392 6234 601 2159 3384 2233 2105 758 3183 6371 5089 4144 5800 1610 6838 4559 6274 5167 3150 5971 3098 1425 6391 3972 713 2715 5926 3898 518 5031 3219 5754 420 3266 5245 2887 6177 2846 536 3571 218 4469 945 1309 6577 2634 3210 2533 5927 980 5903 79 5582 612 6248 3516 141 5542 2784 3294 6432 5558 6266 4850 3047 3256 1595 586 91 5958 1355 3217 3530 4616 6103 5496 4725 304 291 1820 3651 1378 3245 6111 3163 3200 3062 4903 4837 3642 3515 3288 5687 963 6064 2687 5839 3562 76 4861 4939 1535 6659 3867 5342 6109 2380 4526 3462 6589 1331 3001 746 806 227 4141 1208 5423 3792 5431 5412 1511 2597 2280 1445 2960 2282 2110 2689 2644 2518 2900 4638 1280 6617 6578 2424 2623 382 2098 5288 882 5976 4048 2866 1829 4756 1210 3592 5087 1974 1542 6208 295 4652 5820 6191 5635 5408 3377 6944 5037 6615 6204 4024 3448 659 4515 2859 2010 6509 5968 2603 6603 1583 2657 5340 6957 5124 3551 485 6448 3291 4303 706 1234 3354 2065 2436 6300 1104 5827 5732 5173 5457 4188 6497 2125 300 187 2406 5629 3872 4189 2066 139 6281 3293 1507 6261 2762 3270 2554 6941 5368 1031 6734 906 3376 2586 2795 6783 5974 1150 5112 1166 45 4895 970 3338 3475 5526 2190 2670 3678 1768 31 5639 1243 6447 4123 2779 2478 6468 3314 626 4211 6773 5335 4416 1019 3931 4410 1521 3788 795 2511 3858 5544 6247 800 130 5912 3793 140 6441 4006 3014 3943 5694 6741 3123 4505 1909 4545 6217 3499 6105 5263 4669 6381 2500 5854 3166 6700 1039 4504 6402 5919 5755 3627 1349 3541 2598 2661 754 6978 2464 4787 174 3916 2212 273 1241 2508 3481 479 1062 450 5180 5731 1755 6338 5022 2653 1345 122 2361 1881 2108 5529 1840 63 6299 6348 2224 4929 562 1163 4422 6810 27 3056 1748 6717 1299 6972 5670 4825 1738 984 4467 5008 1695 1263 2589 4853 294 2826 6380 3540 1012 366 6411 2243 3859 4316 5562 1746 6196 5011 6244 4877 4180 2716 4716 2584 5281 5212 2226 3643 121 2201 5266 3504 3321 6543 1438 4091 2631 5237 6033 6321 1489 2206 4752 483 4621 4317 4656 2804 5016 6361 5254 334 5904 590 1690 2856 4894 3254 241 1015 5527 5103 4015 2925 6318 319 4601 6981 5428 1228 1805 5190 6959 1831 6850 261 4677 856 4105 4983 4401 2847 3597 4798 2879 2208 1230 2896 157 5743 3845 4643 2574 2701 824 6165 2385 3072 2399 6881 2595 3049 4329 1477 3746 1373 6709 2316 5961 576 1224 5353 6431 5165 5674 1259 1414 393 2848 2311 2646 389 359 1966 341 4996 2244 1753 2485 269 6563 1206 4145 3748 1288 4974 3578 2844 5110 2323 6418 6079 2017 5592 5581 4375 204 6545 5568 6899 4830 3561 444 6357 4031 6225 3953 5539 1417 3670 2579 5673 4321 3656 3394 6484 2270 5127 3297 475 1072 1453 4791 100 4958 1175 6283 3326 1693 3480 5646 4437 1547 93 4686 6243 5822 5202 691 2734 5255 2074 3749 2974 57 5711 3066 912 3614 4766 156 6493 1476 631 6051 1713 986 1970 1643 342 1983 209 1964 3224 6052 412 863 1747 958 3733 4516 3653 6174 3606 289 253 4746 4827 759 1251 5623 3598 5676 4143 3511 2731 2433 6532 2678 3673 3774 1737 2812 6004 4700 1598 6666 992 4452 6082 2659 5116 5898 2192 1790 5406 4154 5701 3427 2587 285 1898 4661 24 5573 5524 1754 2872 5805 5238 2246 1886 5183 4609 6800 381 3153 3088 3148 1239 4171 5841 4807 5906 395 5973 4403 2415 6146 1752 3277 6687 2673 6464 5521 5890 5770 3316 2783 5047 5198 4462 1128 6945 147 1282 2259 4530 1025 4768 5136 198 5279 22 4730 5874 1941 6743 532 5786 1963 235 3132 4763 4034 5718 2260 6716 4729 238 2015 6970 774 127 336 6544 3116 4706 2624 3465 1701 2940 6641 1649 1319 6830 6685 1750 1121 6930 4324 2234 3406 1786 2568 3315 1979 6874 1896 1578 767 343 6746 4016 3366 6712 4381 3080 230 6467 6559 2162 411 4011 5001 4856 4867 4310 6137 5576 3891 194 6346 812 2474 3457 4817 5522 6594 2492 6120 4039 90 920 4135 4270 2288 3081 40 3675 2571 4190 1546 6010 5663 5109 3999 4600 4698 2039 5282 2668 6118 917 5052 4964 5467 3031 4489 5720 5756 5956 684 4713 6905 5291 442 3705 6151 913 753 5847 4419 3736 6187 6835 2531 6600 6162 954 1416 732 244 1481 921 6388 6021 1857 4197 3919 555 2663 3124 2950 6194 2403 3092 5949 4500 2085 4783 5231 1060 1515 543 1074 6436 1645 5777 5049 5283 5938 6705 1472 1635 1191 985 4480 3503 1665 3908 4553 5965 6067 4033 600 6506 4137 5046 5389 491 3020 2168 5963 102 5624 2467 3554 2871 320 2330 306 6587 1262 3218 1013 163 2949 1219 4476 998 6270 6034 6326 5488 6396 4055 4655 249 4529 1131 5294 3641 5475 2509 1398 3755 2472 2529 4598 2978 6764 5931 2306 865 3850 514 6384 2404 6092 3178 383 6367 3631 1777 6951 493 5574 1396 6433 3419 1607 5375 6996 6066 1527 1912 3939 4010 3699 997 6604 1339 2141 2513 6973 1961 798 772 4704 1772 3489 5829 4379 5806 5034 3940 4236 6308 583 5678 6804 6407 4967 237 4711 1056 3135 1302 5480 1256 5634 350 5681 1385 4614 6160 868 5411 2841 2412 3303 4175 3189 6442 3837 6934 6977 4486 3689 120 5425 6626 5700 1962 3105 4567 6739 5403 6144 1293 690 6360 5325 4683 4720 2354 1375 4356 2771 5840 1782 1676 1125 2171 4176 5422 5137 4748 1684 1465 650 654 4644 1448 4372 5540 5195 358 5875 6000 183 6190 2766 1387 3790 5859 3390 6549 1916 5835 1420 5207 398 2499 2632 3164 6963 97 3885 1932 2933 2983 1065 932 178 1809 3777 5600 594 5414 3026 5709 3034 2087 5697 3175 3752 2650 4734 3730 1289 6041 1550 2479 4360 62 4079 5185 1498 4014 4295 5181 3456 5035 2462 6175 4311 3067 5360 1592 740 668 4408 771 3331 4113 5390 2092 6928 6296 1102 4420 1070 1118 2013 6013 3461 2005 4418 2440 5879 841 943 4588 4959 1300 5622 3298 4950 2827 4012 6848 4804 5748 987 2883 6738 5257 5680 6319 777 3727 1334 2850 5274 838 3804 6153 6895 101 1147 5662 720 2999 1670 2692 703 374 1422 6855 78 447 3585 3591 4659 557 5204 4044 5298 4519 49 1421 1510 1096 809 1636 5556 5937 2944 4409 3313 2912 1571 3019 3613 658 6570 1504 3556 4216 6171 1715 4931 6880 2276 893 3302 5300 5819 3451 1109 1028 2818 4989 3854 1825 3429 5848 827 4905 1258 3683 3526 695 4709 3064 6729 4027 3564 4897 416 3007 2514 4955 3193 1859 5876 1885 5246 1893 3099 2536 1129 5020 1762 2956 3185 3907 332 1274 1641 756 3759 6440 5536 3944 1865 3304 3647 2817 1250 3130 2181 5012 4810 1967 2982 4533 6163 4970 470 5523 4591 884 4060 5813 2486 2975 340 276 5296 6584 4953 236 3965 3698 2503 5589 2540 5105 5481 5766 2908 6229 2558 4481 5551 1907 6472 723 641 6156 6648 6768 5814 4715 3857 3881 275 1870 3114 1529 4445 305 579 71 1997 5458 4852 5501 2824 423 438 625 6022 6597 859 216 5053 2857 2090 4639 4322 221 1537 2834 6014 3711 3506 5534 3791 96 2018 5966 3729 3507 1261 4003 614 1841 5591 6158 1751 193 5753 164 1919 5507 1697 6495 3133 2353 5792 4116 3584 3974 5399 6621 1055 1637 1177 4339 3050 1807 3904 6072 8 983 5685 4028 4904 2821 1276 3033 3708 6740 272 2477 6642 2914 3375 1042 1073 5107 6228 4696 82 5869 5317 330 5950 698 5506 2748 6826 5638 3328 3372 5379 6276 3364 1668 589 5905 245 145 4054 3997 940 1363 1486 5197 1358 6129 5620 4561 4262 3928 1541 1360 6757 5894 4287 2447 6043 2930 2422 4891 1855 896 2469 6182 3482 6520 351 4995 1833 3370 5842 6301 3250 6860 6926 2928 3268 266 401 2407 5391 4576 1654 4775 4920 4620 5164 796 2991 6168 2965 6377 6035 1599 2733 6029 6065 430 3181 4142 2967 2952 816 1628 4181 2049 6020 5494 3048 5358 2258 2941 3413 6667 1526 43 5821 5588 5159 628 3988 2122 2334 4557 996 6900 4583 2916 2435 4198 2418 6262 3038 5446 3899 6275 1996 2328 4405 3013 4203 5817 3449 2293 613 3174 4928 636 6272 2643 2806 6007 274 292 4092 5363 4234 5510 6937 4745 5613 4278 119 6774 66 3450 699 3423 2704 5525 1813 3874 118 2211 5803 808 5171 3466 1965 2543 407 4349 5469 6385 308 6751 4239 2720 869 3546 2279 5228 4784 5671 3042 1845 1314 2638 1866 3305 4811 4589 1285 3262 5788 2981 1861 4260 1735 5010 2154 721 4603 5631 3147 3343 1534 4350 2592 168 3607 4072 5106 5253 4458 354 6257 46 3518 1991 508 4569 177 4371 5943 5860 4921 5320 2116 6596 408 5866 3581 6503 6336 5611 1956 3586 4570 2076 5409 2588 2852 1838 803 6478 2426 6057 2383 4691 3337 3361 2057 3869 2590 4948 4411 2041 207 3523 3795 4029 687 314 4778 5269 3058 3700 6489 5644 2261 4391 2482 44 6203 2522 348 6185 1509 3030 1658 5270 5706 4050 5925 4585 3948 1395 4443 312 6932 2803 499 734 1532 20 4247 2100 3817 2003 6510 3325 6055 3207 5717 2026 6940 2473 323 6218 5944 604 3754 3281 3649 126 4733 2831 568 4718 512 2337 545 2527 3612 208 2725 6046 1287 4479 2078 5042 477 1294 6470 2798 3272 4453 39 6078 5256 6045 4906 3962 2805 5413 2335 2721 4449 5957 6909 131 5130 6324 6872 1221 825 955 2829 2343 4434 3216 4210 1758 1408 1374 6136 5432 5142 3379 3488 1400 1723 624 4838 1562 1878 1413 465 2441 3936 778 4721 4737 707 5749 5043 3712 5633 4212 1780 6412 2881 5808 2501 3866 2870 6762 4676 6651 655 1132 6450 4490 1616 5097 5468 303 931 2567 3075 1301 3719 2495 6525 3966 3616 6362 2493 1296 504 5199 4404 5692 794 1215 6515 4925 2820 6499 1020 2548 3544 993 3558 2496 632 4336 3529 1608 222 5276 2231 2367 2947 1115 4328 953 1890 1945 3115 3807 4518 3089 4252 2583 3061 4679 6108 1816 6085 4153 4224 6341 2545 1806 4075 2349 4163 5783 944 3970 5713 4889 3140 4325 3877 5553 6628 3533 3879 2277 1512 2774 23 3279 805 1875 503 2884 287 6216 5653 2839 1995 5759 959 1621 84 4009 371 5900 1086 1151 2375 5597 2150 110 2986 5933 2792 1190 5188 2348 5689 278 4770 1340 871 3312 5322 5362 3702 539 4702 6498 1839 635 1617 4451 6889 2666 2094 3242 2186 5857 2235 4849 2265 1292 1776 1558 5585 5076 1566 634 3927 5395 1687 5660 3983 4061 1671 1067 5497 4650 3932 2029 281 5889 3522 5003 3015 4146 4988 6364 4952 4792 2457 1710 3017 6252 3838 4855 4979 3623 4866 6595 1622 4736 788 2196 686 5493 6337 5313 3238 5998 3826 2429 5945 1581 5120 5085 1576 349 606 1523 6278 2647 402 2377 4384 6995 1536 4000 4976 2738 255 3458 6259 5144 4026 6864 678 1325 4874 4081 4548 5619 37 5504 5385 4539 4868 3527 1041 4740 1493 4936 3353 5736 5528 1792 1760 2333 487 4127 4330 462 6223 339 1999 246 3810 2118 4956 6528 1018 6828 3255 729 4229 133 1557 4427 3069 6849 4841 4237 3716 6097 3994 975 1810 3436 1123 573 464 5939 1021 4693 474 2254 5626 1585 903 1775 3510 2002 86 3182 2894 6233 3704 5705 839 6722 2924];

Primitive9:=[2553 3145 942 5962 2103 5765 2275 4255 5370 5543 1202 1336 6671 3610 1426 5141 2665 6213 4442 4942 2101 5888 2329 935 2420 2644 2518 2900 4638 1280 6617 6578 2424 2623 1063 480 468 4152 3780 1076 1216 5453 4946 2200 5508 2247 3839 6573 1631 5621 1207 4289 4818 5465 3136 6736 5026 443 1506 2289 6567 5815 1877 1044 6099 424 1409 5007 3471 2998 5695 5108 4463 4133 4147 5602 1615 6093 445 1181 6155 2484 6038 6339 5155 1830 4749 1781 1528 4858 4794 2438 446 6404 6305 4714 3102 4902 1401 3257 1133 6893 2552 4833 2119 5250 1567 1247 48 6255 5960 5243 1135 6098 4406 2267 1729 5459 3685 4086 4266 2794 4502 5947 2177 4532 6463 4348 534 5179 6426 4712 817 3117 5301 6286 6188 4195 3018 2911 2855 2371 259 2268 6947 3589 528 5789 5232 848 4482 5744 5910 2273 4649 4625 2788 4230 780 3512 3900 2681 1652 2456 12 2036 3167 3973 828 1108 4517 3550 4574 2645 3805 3721 6069 6809 3129 5293 6749 2601 5170 4099 1651 1399 1419 2048 3237 4525 2143 3208 1264 1142 3659 1101 3903 28 5079 3310 1368 6459 6780 851 3443 4155 2058 4990 3672 3205 5628 1718 3992 6861 533 1371 6859 1233 6315 3806 267 5655 1728 2990 6802 2054 2394 1973 737 6180 2236 2135 705 4851 1672 2381 1428 5977 1117 3787 3765 1835];

Primitive10:=[529 5758 1107 5338 4231 3713 1467 4744 6254 3657 2256 4365 72 1304 5013 5969 5723 6571 5517 2352 1429 4701 6938 2785 1 5865 1246 6915 4279 4491 6553 166 1381 2384 4446 2577 4363 1093 6946 1568 3301 3590 3562 76 4861 4939 1535 6659 3867 5342 6109 2380 4526 3462 6589 1331 3001 746 806 227 4141 1208 5423 3792 5431 5412 1511 2597 2280 1445 2960 2282 2110 2689 2758 2819 4917 810 6576 5614 4554 4414 4556 2948 2787 3126 2669 2320 6353 894 4571 5374 6873 3929 2411 679 2271 5932 3142 5484 593 260 1928 6375 5846 768 2460 1927 1244 3196 537 4395 1724 5881 6164 5577 2869 5 240 3024 6112 85 6637 3535 5864 2997 5618 5418 538 3059 318 5305 786 6479 1112 4018 4161 482 6695 1984 2386 5872 1159 1397 1213 5002 910 602 6912 745 206 6817 773 3046 3921 6011 6902 1116 4302 6834 1297 5048 3367 2763 1538 2395 182 2401 6522 1337 878 2838 2813 2789 6929 4291 490 6976 881 4186 5434 478 6331 2051 3697 951 5764 1090 4842 5741 6744 965 694 1140 5241 5451 3625 5057 2544 1144 5461 284 2832 6125 5125 6839 6803 3771 6627 3971 4828 460 2742 1749 5271 5509 2775 5997 5394 2052 4886 6618 5189 1085 5366 1382 458 3868 1281 1088 5227 5641 1307 4126 5091 3060 4531 3082 1897 2676 3485 5811 1925 6863 6715 3520 5019 3478 58 1016 719 3045 3622 4361 5987 1745 2889 3428 4872 5843 2130 2300 6424 1589 2305 2927 1158 6776 3753 3827 836 4104 5772 2365 5463 2199 1517 2009 4341 1291 789 5169 4465 136 1322 4919 1739 1335 231 5383 2640 5209 1545 4896 54 6106 1620 2935 5520 781 3912 1666 2955 4806 5206 5878 3161 2786 790 6227 4440 535 5603 1785 5712 4755 6356 1411 5410 5015 6458 5440 3192 4347 2809 1524 1934 1007 6607 4836 4815 5856 6403 5193 6126 4151 1744 5862 653 6449 1940 1152 5196 1008 3093 1761 51 1249 2163 4275 345 1403 978 4699 4962 385 452 2800 4429 5855 6969 1630 3327 4166 5652 5000 5762 4304 6798 4182 6965 4223 2152 1709 4761 4994 14 5072 5100 799 4058 1391 558 570 5669 4512 3386 4421 3318 6799 1458 6246 642 898 5117 6304 6819 4685 4741 833 4945 3575 6728 4332 1273 1815 3065 6096 6186 2610 3639 5994 4619 1435 2269 6896 4042 2596 5178 5867 232 4172 5578 5355 4131 3644 372 4089 4164 2939 3618 6309 5392 6901 4892 4314 2893 4087 1006 2221 2718 5352 1173 2227 2336 3143 3955 4759 2901 5519 1569 1554 2836 5329 5074 1561 77 5176 1867 6982 4663 2083 2156 331 520 3579 5401 1899 4899 3473 489 6886 3814 329 1389 1164 5059 1046 3459 6761 2 3231 5417 2339 1253 4334 1577 2858 4098 2104 2082 531 265 3582 6672 3954 5871 3286 3319 1491 2313 3650 3023 4672 5664 6269 2322 4388 2318 2357 5541 2906 2437 961 5781 1844 326 455 3742 6542 6003 4846 3761 5716 3191 95 5326 1883 6473 591 2358 3860 1555 1766 6298 1404 2664 3762 2549 2752 2608 6452 6879 4184 4631 4208 527 229 5979 4025];

Primitive11:=[4057 2034 4831 4323 4924 2693 4464 3609 3781 1138 5492 4367 4710 6591 6669 2025 4192 4803 2885 1978 1204 1976 4641 313 1692 6047 1201 2642 2530 883 6841 714 2618 6486 6688 1214 1167 1418 1137 1051 2099 4461 2229 5730 1376 3764 4608 5486 5470 2865 3355 162 4185 4973 3251 3037 5287 6871 6616 5992 6414 5430 5273 595 3373 4285 2913 2174 3329 6048 6507 4951 6230 1685 3095 6760 922 1989 6434 5795 4635 3569 6606 6095 3568 3341 960 2281 2376 434 1182 5920 3681 3951 2614 3146 6501 5384 4218 693 826 1100 3674 1295 3975 6723 3186 4819 185 6775 2828 3509 2487 3440 6556 6649 4134 6195 5223 4156 3870 4511 2972 251 1942 1474 2707 195 2874 5038 6745 4148 5845 4590 5336 6660 5388 6211 4879 3905 1663 3682 6903 2164 1326 3960 1681 6665 6735 2863 5970 6429 1350 6979 1689 5230 5272 203 4250 6782 2182 4993 367 1943 4551 459 2920 5760 6985 3525 3918 5426 4915 4387 6832 6015 889 5601 6297 4722 2067 5367 6663 2609 5123 908 4981 2525 5575 2046 6994 3628 6083 1266 6840 5095 4272 649 1862 202 909 2782 68 971 926 4046 6457 5679 2860 1725 2898 4724 6042 3223 2397 843 6110 123 2012 1914 6359 1184 1032 5146 179 559 6183 2007 2193 3818 160 3006 1650 256 3180 4773 1103 1851 565 5258 5901 4179 4538 1606 6127 6704 2450 6005 213 3841 6001 500 957 2158 3401 219 6311 4450 769 6583 108 2699 6574 3211 369 1917 2351 1691 6294 5612 3198 4318 3987 5455 5637 4735 4521 2864 2778 1367 3317 6249 4345 4513 6221 5260 4630 2317 1185 6538 584 6948 6524 3234 1456 2756 2995 834 6253 6797 461 3170 4674 1803 1721 2732 5988 640 6885 5009 4753 3688 81 3661 6793 5235 2581 6480 3750 741 2274 1972 6143 4425 3565 2984 6939 150 1892 73 3055 2517 4296 1915 947 3086 6781 4150 4742 861 3362 1160 4961 4506 3646 3204 6152 2768 3005 4435 6656 4209 6354 199 844 2961 268 4854 3545 2379 4654 6130 5487 6612 5397 3421 4041 324 6018 38 3383 3339 4682 3296 98 2502 6677 6161 1265 2217 5607 5513 1218 53 181 728 4346 2366 4912 2112 1455 6692 2945 6779 671 2523 692 3369 1354 4035 3108 3260 3412 4573 1494 4862 5740 1574 6077 1014 730 3871 3726 5483 288 83 5928 6236 1937 3041 4668 3101 755 5511 3431 1988 4808 5006 5221 4840 1315 1005 2612 3930 2056 3012 5158 1627 2191 6690 1733 3776 144 1944 2769 5645 1130 2063 3887 5683 2652 2934 862 6523 5437 6904 4549];

Primitive12:=[1136 5582 612 6248 3516 141 5542 2784 3294 6432 5558 6266 4850 3047 3256 1595 586 91 5958 1355 3217 3530 4616 6103 5496 4725 304 291 1820 3651 1378 3245 6111 3163 3200 3062 4903 4837 3642 3515 3288 5687 963 6064 2687 5839 6219 1442 4227 3844 5858 6681 1168 5654 3549 700 3942 1533 6654 321 1789 1155 6460 2188 6349 1430 6856 735 5590 823 5485 3519 2416 4966 1734 5345 5284 3884 1787 4417 4623 6327 5161 6585 170 991 2903 4001 3236 2292 1741 4459 1124 4507 541 173 6485 3615 6999 2773 6962 5533 4680 3104 4258 4217 6139 6329 6844 4536 5387 3611 3734 4687 1933 4582 1205 4074 5953 569 5044 2951 1225 4814 2811 6590 6555 30 2667 6173 2539 5707 6518 4771 1078 6444 6059 3517 2000 347 5779 1910 542 4049 4634 7 6284 286 1275 4626 1639 5145 2410 3476 6240 2507 6028 3980 6390 3822 151 1277 6853 3137 5837 5632 6991 5191 1764 2968 4568 5563 2088 4926 6806 3531 5201 6891 3199 5421 5405 405 1193 6287 3687 2421 56 6446 5911 2423 2602 1357 3396 509 5439 1380 2722 6625 5530 5980 3346 6814 4264 2559 3054 2966 338 1332 454 355 4068 6334 1066 4606 1450 3263 3022 5330 3756 4565 352 2466 74];

Primitive13:=[883 6841 714 2618 6486 6688 1214 1167 1418 1137 1051 2099 4461 2229 5730 1376 3764 4608 5486 5470 2865 3355 162 4185 4973 3251 3037 5287 6871 6616 5992 6414 5430 5273 595 3373 4285 4227 3844 5858 6681 1168 5654 3549 700 3942 1533 6654 321 1789 1155 6460 2188 6349 1430 6856 735 5590 823 5485 3519 2416 4966 1734 5345 5284 3884 1787 4417 4623 6327 5161 6585 170 991 2988 6220 5986 556 4492 1923 715 1169 2242 6683 6917 4301 2535 6759 2170 6372 660 2674 2374 911 4940 396 3865 6425 3206 3025 6562 3652 1817 6623 6086 6 973 2016 2073 1889 6260 6614 379 5557 3630 1146 6787 1612 4901 5450 6295 895 1232 4128 566 471 6673 311 5844 2759 1882 2387 5175 3424 6769 4844 617 6502 1009 5454 5252 4067 5004 5726 111 6312 5882 5729 3278 5063 629 5128 4088 6541 4820 1930 4261 1174 5831 6714 3484 4436 5290 2402 1329 6908 486 4130 6027 353 1451 6706 6250 5823 5804 1478 5884 627 3862 3829 3239 6960 5080 3714 3604 968 6750 2255 3165 2591 2237 391 5248 6347 3226 5918 3635 214 4910 2726 6539 70 5339 1370 2849 2985 5734 1034 5056 466 1818 505 2710 1079 1698 3738 2749 3808 6668 4107 3112 4927 5690 937 6652 3118 4580 6730 5532 3258 6114 2309 3599 4052 3483 860 6089 5351 19 2398 6521 1798 4832 1808 1242 1482 4883 6670 1796 2890 4168 3333 6655 3002 3856 104 1087 6317 5942 3538];

