Primitive1:=[Torus, [9.86704049566408e-06 -3.95699355077957e-18 4.58903987905273e-17 7.68852498565034e-16 1.97340809913198e-05 2.10560603147125e-15 3.49731699919226e-14 1.97340809913136e-05 0.000651619354333086 0.00428897112136033 2.61644262353728e-18 5.10393992251684e-17 8.54631920641572e-16 -5.46096796608685e-17 -1.84918738146521e-15 -1.54162761345467e-14 9.02404209845767e-16 4.48123378454195e-14 7.35455554511576e-13 3.98781435619275e-12 9.8670404956584e-06 2.12051775737363e-15 3.52318869492159e-14 1.9734080991314e-05 0.000651619354333233 0.00428897112136309 5.44872523212063e-14 2.70409489813611e-12 4.4352297143878e-11 2.40351894664084e-10 9.86704049567061e-06 0.000651619354334065 0.0169728671648932 0.205207136252148 0.97855193381910]];

Primitive2 :=[Cylinder, [1 1 0 0 0 0 0 -0 -0 -90.7256]];

Primitive3:=[Torus, [9.86704049566969e-06 2.77528820777855e-18 -4.78916146402091e-17 7.93215578408544e-16 1.97340809913319e-05 -2.11275459140034e-15 3.50700620646587e-14 1.97340809913807e-05 -0.000651619354335375 0.00428897112137911 4.4906233663076e-18 -3.03476086147387e-17 5.32686231635809e-16 1.01036929373612e-16 -3.35337350853219e-15 2.7402499519036e-14 -9.01990550329123e-16 4.47846942114156e-14 -7.34943395567204e-13 3.98488272287253e-12 9.86704049565202e-06 -2.11974662330699e-15 3.52070584385282e-14 1.97340809913266e-05 -0.000651619354333514 0.00428897112136459 -5.44851698399129e-14 2.70397102564263e-12 -4.43496947863971e-11 2.40334526239105e-10 9.86704049566673e-06 -0.00065161935433383 0.0169728671648885 -0.205207136252117 0.978551933819111
]];

Primitive4:=[Torus, [1.09351793303211e-05 8.80015485737003e-17 1.35647063154262e-18 -4.80057105811687e-17 2.18703586606477e-05 -1.11534157731705e-15 1.85575222425844e-14 2.18703586606413e-05 -0.000722159242974257 0.00510601303977056 8.17869067773546e-17 -9.20371108628934e-17 1.51956902795189e-15 5.10042043644914e-16 -1.67631817833171e-14 1.3174793738122e-13 -3.15138006131292e-16 1.55974216440402e-14 -2.54993966730564e-13 1.37763948728994e-12 1.09351793303389e-05 -1.08936745274598e-15 1.81796048659753e-14 2.1870358660727e-05 -0.000722159242977174 0.00510601303979417 -1.88754355863438e-14 9.3673728492088e-13 -1.53621968164823e-11 8.32246204936078e-11 1.09351793303137e-05 -0.000722159242973978 0.0184574875513609 -0.215773761614379 0.976241412703927]];

Primitive5 :=[Cylinder, [1 1 0 0 0 0 0 -0 -0 -10.0806]];

Primitive6:=[Torus, [1.09351793303012e-05 -4.86278524230997e-17 1.17718284350028e-17 1.81397603944396e-16 2.18703586605503e-05 1.01701326629521e-15 1.68338700066775e-14 2.1870358660716e-05 0.000722159242976651 0.00510601303979162 -4.16433791551033e-17 2.50447058101025e-17 3.82772708421095e-16 -1.82853292136359e-16 -5.85822357627907e-15 -4.39362120041468e-14 3.13329716508445e-16 1.55687545561146e-14 2.55534960972309e-13 1.38569310360072e-12 1.09351793302827e-05 1.0900056328641e-15 1.80841843450208e-14 2.18703586605042e-05 0.000722159242969723 0.00510601303973651 1.88184108728541e-14 9.3395512108229e-13 1.53167004334729e-11 8.29793335525881e-11 1.09351793303152e-05 0.000722159242974012 0.0184574875513609 0.215773761614379 0.976241412703928]];

Primitive7 :=[Plane, [0 0 1 19.05]];

Primitive8 :=[Plane, [0 0 1 -19.05]];

