Primitive1 :=[Cylinder, [1 0 1 0 0 0 48.8763 0 8.67362e-16 2359.76]];

Primitive2 :=[Cylinder, [0 1 1 0 0 0 -0 0 -0 -5.67035]];

Primitive3:=[Torus, [4.75707334418596e-07 6.64153726449413e-19 7.31830290203106e-19 7.2497797765393e-05 9.5141466883988e-07 4.94812227694603e-18 4.37691101316842e-17 9.51414668837158e-07 -7.24977977646426e-06 0.00413785428663804 9.08847751975938e-18 9.32377007139421e-18 7.24977977655349e-05 -1.17101178657116e-18 1.65374837342116e-16 7.55666191807411e-16 2.55967887367962e-18 7.24977977653354e-05 -0.000552433218969421 0.104827440213377 4.75707334431718e-07 6.41604065443426e-18 -3.00606129113105e-17 9.51414668864652e-07 -7.24977977643091e-06 0.00140330985272743 6.05728047428246e-19 -1.93322246047282e-17 5.68417118772141e-16 -4.65167345316806e-16 4.7570733442199e-07 -7.24977977650557e-06 0.00140330985272379 -0.0104827440213 0.994424425660184]];

Primitive4 :=[Plane, [-0.333333 0 -0.942809 -16.2921]];

Primitive5:=[Torus, [1.84360770617888e-07 -4.4448177581061e-18 -2.49361952794734e-20 3.60434893318002e-05 3.68721541205127e-07 -1.24494821859893e-18 -4.32298138695452e-16 3.68721541234917e-07 -7.62105085050558e-18 0.00261900822061533 1.82093992898978e-18 -9.01007630370064e-19 3.60434893285351e-05 -3.00399361913637e-18 -9.35407193896308e-17 -1.05075926716761e-14 -5.40908103617904e-19 3.60434893317889e-05 -3.56026985798944e-16 0.0838068057701734 1.84360770732435e-07 -7.65151037909353e-19 -1.2575002207229e-16 3.68721541241148e-07 5.90307891510497e-19 0.000900155013021537 -1.38272270942143e-18 -1.82165910183488e-18 -1.12659397185375e-16 -1.59004261140385e-15 1.84360770632974e-07 -5.48410026088574e-19 0.000857335822987784 -3.85209766225547e-15 0.996477802512866]];

Primitive6 :=[Plane, [1 0 0 -0]];

