Primitive1:=[5697 688 3992 3105 2683 50 3122 5258 828 5656 7106 4295 565 7499 512 7360 5572 5655 7470 1081 7636 5523 114 993 4841 7318 2476 1014 253 6534 3756 6931 6912];

Primitive2:=[7064 1754 1605 1458 3676 2460 5163 6981 2079 3641 5606 7359 1220 1638 4216 6479 682 3262 6095 2517 6555 895 2467 6480 551 5286 723 1341 2558 7222 7578 1576 372 1197 2703 2937];

Primitive3:=[3325 7601 4478 176 3554 3991 6744 608 2996 7465 3911 4282 6936 2379 1137 6017 1183 5970 1857 3623 1347 7205 6599 7557 2641 4837 3680 5766 5786 4401 1603 2913 7316 3540 1521 619 6583 581];

Primitive4:=[1636 3748 4890 6336 1215 6996 3745 4477 5424 1541 6084 1256 6541 6974 1772 6958 5335 7711 944 3400 5442 2350 5781 7244 4018 2515 10 5118 4373 232 4679 2310 7239];

Primitive5:=[222 7915 3713 4427 2831 382 2161 231 1161 1366 6499 6505 5023 7862 6220 769 4861 2058 5632 173 7433 3688 2121 6149 1164 2603 6284 7511 956 741 3891];

Primitive6:=[7954 879 3388 4406 6820 4715 5600 1507 5535 849 6982 5676 7238 6580 6386 5934 6937 4011 5720 5051 2499 4029 4741 1962 1129 1657 1445 6394 7054 3323 6727 3419 1921];

Primitive7:=[3748 222 7954 879 1996 998 2061 2425 6741 2192 1823 6726 809 6295 4616 1509 6256 5323 5960 2480 2445 3112 7634 149 6378 1169 6824 3475 1927 6623 1724 1983 6380 7209 4497 145 5697 688 3992 1605 1458 3676 7601 4478 3745 4477 5424 3713 4427 2831 4406 6820 5031 6914 5243 7950 5455 3471 1251 3180 4961 2722 4991 1793 7123 6290 736 6376 7483 6395 1749 3866 3207 1511 5886 3232 4080 948 1615 171 1189 7920 7041 6404 3041 6751 6504 2416 5808 6476 1637 185 5713 5219 7489 878 3389 416 7275 3426 5969 6838 267 1794 341 6616 4379 7167 3977 4814 5204 4462 783 6024 7872 951 6036 6785 5942 2634 1599 982 5356 2605 7179 4271 181 5169 3558 7790 920 2027 5170 5303 211 2781 4493 3060 3553 5265 460 3588 2373 2650 6571 5060 5458 7663 6016 7687 3936 3933 5653 6124 6327 1555 697 1368 4585 7233 3051 6729 2375 4935 7294 2935 5084 4467 5889 4290 5066 2171 4894 7842 353 6391 713 5564 3583 6175 5785 754 1249 6718 5358 1034 4691 7356 5376 1875 6703 98 6662 5018 4864 1289 164 1581 2084 4829 306 5207 5669 7515 2743 4293 3796 5862 5517 2044 383 5575 6973 6572 4070 335 508 498 4911 4248 6437 6497 7914 7526 4947 1656 7545 7544 55 5472 5878 2490 3718 7870 812 6895 5388 6030 4062 6312 6948 5078 670 6613 3265 7094 3173 2075 4108 7516 2872 1442 3242 3555 1090 3014 4128 209 4659 1713 390 7423 7440 5405 367 6310 3408 1594 5674 2652 5958 6952 2671 7004 7907 5924 4975 7707 7720 974 1568 5179 4167 6673 872 7963 916 7125 7552 4577 4362 7661 5076 5956 4123 2226 7040 7587 1517 5362 2458 2029 3034 1058 9 1239 2342 598 1617 2013 3418 6746 5506 5109 6954 2849 3576 7425 4639 6225 3822 1976 4848 5770 5641 5567 7338 4157 3116 1600 3036 4120 4045 1234 3581 523 289 4968 3549 2103 2189 92 6144 3999 1324 3526 3923 4508 6265 6075 3890 6233 4181 3856 5867 2071 1619 525 3149 4692 2367 5271 4364 3961 2554 3281 2505 6850 7677 3879 1955 2878 2730 3136 1048 3362 3861 7451 1964 5537 6757 4595 3294 771 6210 738 4171 208 5174 5875 1193 7594 3505 6023 3608 4281 2186 2887 3392 120 2314 2148 3023 4547 40 6160 6058 4121 7724 5120 7991 6733 2218 1645 6698 4454 5299 7411 5125 6263 4413 2153 4243 6104 975 2442 2330 7994 320 3944 5972 240 1397 5663 6469 6007 1348 784 986 2203 7751 5294 1946 5774 5167 6944 7980 976 568 1531 6978 5182 2326 4096 6307 3500 5616 298 2215 1534 6656 3914 5685 1932 3006 5367 132 4369 2132 3345 422 7831 2673 7514 243 5633 4124 4019 18 5425 5266 4314 7866 6802 5302 6560 178 4818 2815 545 5408 5021 559 1337 5780 7699 6826 1174 1321 6983 2718 5937 5883 2799 1684 4627 6638 6486 6858 7132 7296 2348 990 5846 5898 2851 5436 4165 2168 57 4584 5892 69 1779 3319 629 4220 4779 5460 7563 6221 5731 1333 1062 2092 105 2556 7145 3441 5297 6296 1404 4047 370 1538 3308 4876 2494 4141 5293 7885 2150 2098 4857 1660 4655 7953 7208 6403 3644 3550 7973 6782 826 4274 2116 6431 4333 965 2259 3012 2469 2051 2446 5104 117 7009 1162 2787 3020 7581 6163 3257 5732 2914 1435 1740 4066 2354 841 8000 649 7490 6064 433 7195 4707 3355 2977 4086 6681 7860 1897 1977 485 7199 3753 6728 7553 3821 3837 7987 4210 3219 1371 3552 2978 409 984 2187 474 229 1074 5332 836 2320 1753 699 3088 5128 51 6048 1080 6333 2199 7322 3689 7443 3578 7455 236 4694 4468 3431 7093 1583 2582 7487 7214 3513 3779 2899 2620 3189 1643 3458 3293 7507 348 901 6074 6315 7534 3427 329 2369 5173 1469 419 1402 5634 1812 5938 7622 4523 3898 4851 7504 1723 2362 3019 1729 1816 869 973 5029 2449 263 2679 2430 1302 6731 3210 4824 303 3777 7442 719 5529 7329 7555 1514 1186 2138 1207 5968 4934 2524 4434 3881 6216 2237 2184 7637 2777 1077 3769 7797 6695 5490 5966 172 7245 3956 930 2303 6873 3199 7089 6889 5075 3707 1331 2194 4666 1145 2431 7497 7829 5342 313 7722 4773 7385 282 7246 3593 4958 7509 1038 1714 3327 1057 3982 4327 7291 1335 4641 6372 3309 4122 1131 5378 3220 517 3993 456 4960 7653 2141 5160 1079 7982 2235 1978 1922 2784 3660 1436 7773 5518 2024 1360 4491 3329 744 2801 6992 7651 573 5733 5344 3164 7317 2644 4810 7908 6801 4744 2221 203 6779 7935 5639 4283 1953 4318 802 6806 2953 7010 1855 7447 4599 283 246 636 2549 689 1949 5903 296 6408 5213 4907 1191 58 685 5598 2368 1963 519 1144 1826 7012 4470 751 268 3304 1734 2593 4917 2080 3776 4708 1243 2550 6093 5861 1644 2202 639 7320 853 23 1204 6641 1994 7562 7728 6817 4256 5009 3755 4322 1268 1505 5238 614 3009 6159 2736 1044 2312 774 4520 2927 1278 4186 3574 1388 3417 5589 1945 4325 4737 4680 3181 2771 3157 6494 904 3250 7351 2352 644 777 3573 5715 5395 665 4310 4233 1117 940 1691 3286 3151 1412 5547 6550 7642 6223 5101 3436 5317 5030 6078 1282 5322 4224 1591 7566 6869 1271 2023 3444 2886 6428 2144 5129 7564 2118 3404 3145 5511 4005 139 7137 3169 7824 7 5090 2975 5761 4868 7220 385 3386 2106 2857 717 3719 3069 7082 2387 3772 3170 1936 785 5957 496 5272 528 6114 1042 4518 3239 1460 3586 1791 2564 3076 4355 5013 1727 7020 5752 7432 5447 1166 5026 5573 1674 2976 1152 2485 6003 758 391 4411 7406 4954 805 221 2656 1 4739 977 2941 4272 4354 7682 3110 6666 3757 3857 4556 561 5664 1484 4258 6332 2982 7352 2129 5131 542 2300 7301 6805 2292 3955 6405 970 5916 4269 7386 5696 126 199 6776 7162 4038 4286 1562 1731 6611 3797 7595 2721 5300 3214 4365 4752 5686 5348 2940 2954 4115 5885 6610 6947 7436 4064 5660 5057 6044 4816 3887 2617 7231 855 4136 2331 3838 1817 4053 6758 5220 3524 278 495 7121 4061 1454 7791 3044 7932 1725 5111 3119 7257 6231 4927 6597 7611 7670 5470 457 950 6510 2806 6660 5198 6868 3916 2567 4735 4247 4551 1304 170 3918 7328 1748 6918 1728 3703 748 7159 83 1320 1046 6300 1956 1334 833 5642 7998 6148 7559 1365 2861 1285 6448 2471 4534 3720 4225 5114 7624 7512 6561 4367 4974 4732 5853 4938 4146 366 5483 3946 5467 3647 6198 6443 1868 1121 3226 1021 4766 7420 6304 5423 1111 1361 820 2284 1867 3247 2005 5848 6825 2664 2452 3974 4881 4899 3496 7254 2688 4913 5626 4589 1839 996 2402 2692 237 3645 1093 4545 7062 7163 6595 7383 703 3367 5185 6775 4244 5730 5644 4093 4514 7459 4385 2112 7381 7000 7880 2738 4776 3969 6559 7778 5315 4716 7770 1935 2844 3811 7099 4986 627 3358 6778 2231 7814 144 7937 5345 1482 1798 2577 1848 307 2813 7247 7625 824 2833 5849 5796 3884 1510 3829 4625 7726 2602 2427 6082 6891 1623 5906 5330 6000 3693 5631 2818 2201 1206 6087 2666 1405 3200 3569 1965 7858 6322 2006 5211 1357 247 4492 4207 6439 5252 745 4044 4308 1526 3092 3016 7378 6357 2015 5152 7650 5228 5950 4802 6819 893 4999 3070 5561 1544 4945 7574 2139 3575 5295 2698 4701 894 2450 4897 6711 5833 3230 2786 7671 7115 151 3504 7146 6900 3366 6771 6737 4268 7156 104 5592 1455 1736 5149 4209 1548 7967 4672 4179 4332 4320 1924 5967 3708 5440 2569 1023 3989 257 1351 601 4638 3761 947 4228 1008 4500 7491 808 3774 7536 400 3521 5798 6833 4693 2579 843 14 3429 6607 3876 3274 7217 6934 5913 2537 4246 1233 5746 7945 197 166 5741 7993 3785 4232 6022 1784 7819 5301 2742 5764 3065 6603 1240 5702 7521 6482 2633 1560 1461 7192 5928 7435 4912 4762 24 5397 887 2596 742 6531 3949 196 1416 7928 3490 1025 3850 3847 2010 7936 6152 1126 7218 6072 6542 596 7309 6180 3520 7541 426 5823 7400 1565 7135 103 3289 5689 6517 3749 1477 2234 6382 4116 4296 1466 5814 4748 6019 5507 116 967 386 4480 3964 5249 7713 6907 7806 4966 3176 7117 318 925 7848 5748 2166 6990 2486 66 618 6350 6115 6867 4872 4405 892 5279 4140 6884 5847 5386 1787 4099 5247 5504 4949 1325 1439 6298 2465 1198 1792 5126 5421 7789 4416 3880 4119 3369 5822 7051 2174 6608 1765 5099 7324 2843 7672 2332 1094 1572 1670 5824 4113 3658 2757 945 186 5283 3046 2862 4390 1903 3980 1888 695 1493 1879 2625 4088 7342 4622 1085 1988 1590 5000 7268 3401 5282 5834 5744 255 3638 6362 671 5961 1490 6732 5765 89 7136 6865 5891 1561 6398 7412 7448 6453 1609 6688 2807 5710 5701 7586 5494 1940 5172 1420 2535 1203 87 3043 1009 481 4162 720 5729 4284 7104 2601 900 3234 2366 6506 1582 6194 1904 7422 5296 1911 5804 6568 65 1108 4192 4677 4377 4131 7892 4408 7340 6717 4571 5415 472 3382 7662 1474 907 5826 877 1119 6557 2825 130 4490 2143 2576 1577 4212 4076 2933 5621 5137 7030 6187 3365 5482 5055 7071 583 1695 3066 4182 3497 1273 5832 6367 4173 1682 3738 6100 7085 3631 6086 4661 5607 6308 6932 1752 34 4242 3469 3295 3687 2238 3501 4443 660 7067 943 6653 187 963 1222 1696 7371 3557 331 4942 7939 637 7731 3679 3156 3077 5740 5945 3906 6827 4305 7003 1017 3103 2748 2409 600 5074 1165 3486 1430 109 3256 731 4397 3648 6919 6279 2873 189 466 2474 5203 7602 6730 6800 1188 4095 6270 2542 2070 1606 3584 6777 1039 3591 3114 7823 188 881 5842 5406 3422 3711 2102 239 7134 6565 6734 4596 1092 6204 6859 6809 7370 5569 7474 4382 2253 5876 5827 7745 2523 2990 1097 1456 1527 6519 4202 4178 3011 538 2405 1279 7114 756 1154 1316 7197 4605 7746 6770 3135 2992 7026 1998 891 1584 5787 5143 1290 4371 2488 3018 3024 7898 5993 1438 2943 6147 1818 6527 5508 6050 5995 5416 3057 1266 5337 4307 587 2812 6242 5767 1915 1488 3585 7733 5678 1769 3832 6224 214 4381 6953 4587 4859 4166 3347 5308 1063 6109 6328 681 2345 6317 6676 6938 3266 1662 3643 2600 6113 1610 3642 5527 7886 7957 5722 1718 2250 491 5384 290 2762 351 5940 1305 787 7408 3311 7273 5587 2568 5772 1356 6042 486 1132 2952 5565 7772 2045 7838 934 4183 4161 3921 1213 312 264 6487 2319 910 4180 888 5446 7979 36 5484 1390 1559 293 2130 6545 3456 428 6830 301 6184 3801 7548 7524 115 4485 5103 6979 2922 1825 3246 1800 4791 6810 234 730 1115 1755 3399 3087 4250 7262 3357 2257 6433 6968 2002 7189 4565 4548 4129 1997 1012 4366 3455 2910 95 5810 6085 1951 21 4825 1195 7786 1294 3532 2277 3086 4432 3672 1530 864 427 2090 6112 1906 6460 2884 7191 2311 6456 483 7367 2832 4199 701 7942 6605 7008 3664 6622 3862 5150 3516 3477 734 2670 1550 6266 924 5130 6862 4569 5206 292 7210 7161 7911 376 1665 309 2971 6179 659 375 4100 6658 6066 1300 2726 536 1446 5290 5053 4652 5920 3148 5158 6637 7022 873 284 6283 7498 3655 6804 4537 1554 706 3282 1261 5657 2134 5516 2999 3716 3238 5341 4 5555 7551 7216 7335 5064 1669 4051 2763 7180 5385 316 2791 5226 1444 5355 3131 7401 4685 5989 3372 7696 1200 1049 4465 6181 602 7389 147 3930 5070 3754 7108 2074 6998 3008 476 961 96 5921 480 4717 7912 5709 5214 4002 3602 4767 4505 4673 6141 4586 7174 2243 4774 337 3055 533 628 5343 4522 5552 1437 4895 5364 7588 7701 2731 6593 6848 1658 5414 5485 1210 4765 6004 1138 2473 2986 6854 6823 4910 5487 2618 5542 1757 746 4214 305 7718 5148 1847 5904 3228 516 281 2097 7968 3661 4206 7693 3364 7281 410 1142 3842 1970 735 2492 1386 2004 5514 6222 5838 6551 3330 500 5393 3061 3302 2170 7186 1037 5909 204 7941 5391 2262 5971 3937 1878 5102 3852 845 6629 510 7769 714 7215 5651 3245 1241 7015 780 4337 7242 4820 2146 6887 6615 3097 2394 1373 669 2179 3208 3833 4020 7792 7038 1462 7454 6039 5758 4972 6102 3032 5145 1841 4552 1036 5582 3915 4532 7680 2987 1235 2254 3787 3223 959 5250 3172 6145 4402 4970 4995 501 5925 5336 1275 5855 3667 6018 3221 4992 2321 2193 7884 2411 1621 6813 7288 5699 2160 570 1308 4801 2932 3567 4254 2668 684 1799 297 4873 6303 5818 7397 473 6059 4060 398 5312 3194 3657 3140 2260 3485 7429 897 1926 2297 82 4956 1519 3798 63 5313 874 6898 4319 5086 5652 5331 1110 6442 475 2570 4433 5716 6941 1778 174 324 1394 7473 6518 6625 6923 5127 1907 882 4163 4620 1317 5107 3894 6320 3468 850 4777 2915 6513 712 935 7430 7048 6158 3618 2606 6237 7334 7619 2649 5610 2551 4484 6515 3685 1678 4721 72 3269 1917 5177 5005 7307 1928 4844 3297 6126 3864 7697 1254 5525 2539 444 5373 5389 4125 6959 5168 1651 2856 3205 7277 2076 6370 4304 4150 7871 193 3363 7500 5492 3081 6650 6413 1876 1607 5548 3595 3491 4036 5512 1579 991 7073 6257 5426 2037 2760 6997 7310 825 1280 7520 4475 5394 365 1745 6281 4979 6921 6606 593 4236 453 3966 7867 2507 7781 1040 4645 6260 7407 3187 4464 113 7464 6049 4955 6426 6924 7703 549 4653 5602 2437 3739 6632 5879 3351 1283 4781 1052 1375 1114 6988 3548 7392 3328 2780 2747 4549 418 7325 3291 356 5533 2316 7471 2793 7200 1819 5611 2854 6781 3489 6553 388 4439 7529 354 7674 7046 5784 1299 7522 2588 3461 4175 7055 7607 4626 3063 30 249 1417 7428 5093 5209 4729 392 3037 2356 2925 3107 2640 3354 6926 1217 2261 3314 2126 1354 7102 3017 1425 1011 7028 7047 4758 2273 4598 3765 7573 7131 3943 2482 3079 3998 5025 3794 3709 7658 4570 404 5782 7477 7421 3746 6880 5815 1113 3675 7710 3611 1680 2516 4260 4733 140 4644 6511 7995 6721 2025 4352 522 6136 1248 4156 3975 1653 469 6057 799 6162 3758 4039 7918 2546 7577 6755 7476 6930 5095 1153 2612 4184 4943 6186 6021 2265 3385 2158 80 2740 7120 1369 4858 2782 3350 3093 4614 1549 7426 227 1029 6831 5723 2325 4962 2114 6896 770 3909 6535 1889 4420 3678 2972 938 2495 3410 2280 2822 4613 2706 2547 4649 4323 3668 3279 6071 503 5500 3368 4574 3762 3877 3 6839 275 350 1771 6866 4208 7729 3830 2497 5596 1214 6116 7675 4504 2346 5965 1171 6040 3814 1257 837 6390 5248 7438 7173 4073 464 2384 4159 7101 2423 97 1352 6051 7708 7804 4399 2399 3260 363 7255 124 3048 5188 1604 3782 3467 5433 143 5270 955 163 6169 5987 7023 16 1864 3253 6302 7076 6151 2798 7868 7990 340 5274 6417 7723 6013 3004 1024 3089 2867 3512 3185 434 4704 270 4792 4003 3795 7917 1064 2240 7380 5276 4279 5687 1598 3080 7361 2053 138 6092 1315 5910 6047 4933 4111 1649 2711 1170 7207 766 7061 696 3732 2439 2710 2501 747 7865 5923 1920 817 7111 4600 420 3375 6750 827 6563 7753 3263 3115 6761 2457 7484 3146 6901 2850 2647 7405 4105 5927 1807 6366 1310 2289 563 6495 2197 7129 1502 405 2337 4324 6686 513 3038 6530 638 4499 1035 4344 2778 3054 302 5939 4794 504 5035 228 7988 3002 4217 448 616 966 4724 1050 1291 2324 5011 2357 4280 1395 1393 4072 4241 3945 554 1447 4226 3029 5232 1178 2487 7248 2377 1286 5325 7478 6888 7501 7250 1130 2715 7847 847 5450 5695 2529 903 6913 2955 4808 3348 7922 6739 1463 6631 5623 315 3488 167 7346 3218 3091 1160 3714 6966 5465 2131 478 6526 7759 3452 5712 3240 2660 911 6294 7537 1574 6196 1414 4624 7327 4135 1372 6789 399 7419 7260 1990 3904 1743 1694 1774 7187 6012 1499 5996 3445 7330 6759 7323 3271 6501 1666 2417 6620 3570 2195 6440 5147 271 2733 4780 226 4195 792 6879 4106 2864 5857];

Primitive8:=[4497 35 6655 5564 3583 6564 5793 885 906 6441 2307 3303 4476 5743 223 5020 2185 3740 2868 6475 3125 5922 5202 2595 2521 7732 4393 3731 6070 4343 477];

Primitive9:=[5629 207 4290 5066 1465 4804 3272 1485 1297 5586 119 4368 3810 7615 1047 919 3699 7014 1432 1602 2198 4682 2998 5554 6872 4813 1810 1707 2803 2533];

Primitive10:=[7954 4715 5600 754 1249 6718 447 2699 7505 210 2632 4778 5038 972 5452 2611 2246 1433 1852 3108 6410 5816 1692 1060 3996 379 5505 2049 3344 3828 1853 4671 2220 2587 5614 279 6381 7667 6383 137 6807 4264 7925];

Primitive11:=[4497 6655 6175 4476 5743 7807 7664 2003 2792 6790 4297 6853 707 1219 2820 2200 3299 6420 1475 3528 3634 1516 3407 2078 936 192 6132 5675 5691 7194 5261 3106 6917 6627 2094 2333 5077 566 4941 73 155 3499 200 520 6400 6323];

Primitive12:=[145 7128 4691 7027 5840 6647 2578 7613 7112 5366 5682 3179 6621 5489 4067 1069 4562 6063 6883 3447 6669 435 6682 7955];

Primitive13:=[879 3388 145 6982 5676 7238 6580 6386 5358 1034 5366 5682 3179 6621 918 7830 7427 3165 6276 3805 6749 2119 4951 1522 5476 552 4683 4660 7170 3684 6989 6425 6762 4009 2263 7758 5791 7090 2363 4815 4257 5690 3723 4883 5059 5700 1100 3480 2341 6939];

Primitive14:=[3748 7128 1541 6084 1256 6541 7356 5376 1875 6647 2578 7613 7112 2072 7387 2789 7592 3129 205 657 2059 567 3835 4855 5990 6203 7168 3349 3383 1708 3901 345 7049 4249 5280 251 3893 1804 4976 913 396 2210 3766 1648 4688 2157 3177 5864 6157 1542];

Primitive15:=[7064 1754 3325 1636 7915 3388 35 6655 5629 207 7128 5800 3518 4459 3396 1163 4361 1498 6691 6548 4712 3144 3078 4687 739 1633 5411 3280 1701 7582 7643 2865 6253 4908 7413 5304 2047 1212 7106 4295 7359 1220 1638 3991 6744 6974 1772 1366 1507 5535 849 2307 3303 1485 447 2699 7505 7807 7664 2003 7027 5840 918 7830 7427 3165 2072 7387 2819 2151 3067 3320 414 319 5210 1975 1849 5750 4946 4665 3614 1295 373 269 7103 3511 5553 547 4560 7734 1096 7503 2938 3562 6027 1480 711 1909 1941 4466 5551 1959 7787 2396 3454 3174 4647 5576 3674 5305 5986 2275 7326 5897 2989 4695 3799 1031 5962 7005 4754 3775 1573 1533 1173 4193 4564 2802 631 5096 4621 3712 6864 3726 182 6414 2518 1312 3162 3465 3306 1894 6079 5845 4330 7226 6748 2980 1238 1535 49 2961 1172 4590 6035 1134 4648 5981 6661 5371 215 2068 4488 407 3640 2594 4533 1026 5963 5140 5410 6618 655 823 7949 5929 2677 7530 159 3035 7648 7748 6337 7201 926 4287 2750 1934 3813 2631 6244 1015 7919 7052 7060 949 2696 5365 6624 7219 5471 1782 6009 3817 772 6459 6261 5347 2256 957 7403 3727 1952 3859 3972 2069 6773 459 668 7921 1472 5608 3984 5975 6234 2675 7100 2358 2604 7044 5863 7475 1237 5142 1147 4142 6724 6108 4024 7948 1158 41 492 3001 5049 2939 3523 1558 2298 6570 3632 5538 217 3929 2859 280 7956 1822 5662 2705 7714 2560 2963 2241 4785 1626 5326 5001 4751 5218 5571 3878 2468 3439 6818 7676 7633 6994 4145 7809 7528 6318 2590 4015 5694 3424 2489 4028 5200 1797 7962 4375 6697 773 3503 1122 2281 2531 1957 7836 53 506 4654 4568 5339 6278 454 3682 2559 2756 6537 6286 4882 2741 6206 866 3522 7018 3248 1116 175 7585 6963 2398 7532 1861 7572 1427 1673 2272 3967 5338 5461 550 3478 6076 3109 6915 5726 3760 4719 4967 3142 1453 5994 3062 6311 2684 1118 7617 6407 5953 4288 3507 1768 964 5604 5825 3831 5568 4022 5646 2060 1245 7271 369 1486 4187 1102 7784 2655 6796 1175 3278 4662 1262 7621 4109 2814 6547 633 6288 4444 4723 3428 7589 4074 7196 5390 2178 5510 6725 7138 5307 2776 3883 755 4538 1187 3931 4455 4602 2207 3233 4449 2165 1525 4576 7510 3846 7227 6202 6877 3405 4515 1612 2916 5734 3620 2898 2610 594 1730 2390 2766 795 7568 2278 7116 6693 988 7369 6236 1566 2651 4822 822 761 6185 7875 6955 201 1664 724 1242 3397 5871 3527 3450 7457 2835 4842 674 3637 807 2586 1747 2768 1751 408 7647 6107 5813 6415 6590 5668 3283 1578 6351 7331 5105 2772 6316 1733 4428 3960 7774 1227 2678 7827 4507 3509 1829 2702 3193 7755 7083 3786 123 871 2871 2159 3768 902 2242 1712 1409 1168 2433 5513 3175 1230 1307 7735 1737 2863 4398 2585 2959 4728 125 3133 394 6359 599 4726 5251 718 3706 7801 1415 7901 7840 4884 3925 2290 7575 2147 7639 3339 1587 1539 3381 6230 5352 5154 5497 709 68 2347 6857 6161 212 7072 7234 5491 4865 7721 6832 3052 4041 5449 1704 7981 4747 3844 3770 4889 7817 1685 576 1815 2709 2323 3213 7926 7556 6670 7035 6899 4033 6619 6340 3402 3222 6870 3971 1613 1524 1340 2101 3153 310 6142 6053 4177 3819 1086 5532 859 6679 5480 3599 7694 2420 524 5374 2637 4971 518 4856 1082 3986 7065 6461 7229 2931 3868 6689 3171 7398 3374 6123 6171 440 4204 2636 7961 5560 1873 7826 1311 7251 4253 6633 1884 2837 5932 2917 2970 3563 7074 5434 1387 3231 7141 3865 4054 3910 5462 2491 1570 2087 4512 5146 7223 2459 2378 7289 5058 6523 2566 2714 3841 136 6287 5882 3414 4394 93 1877 5100 3211 6652 7531 3823 487 364 1869 5648 7517 6446 2410 4132 7686 2589 2669 5992 2107 3800 4223 5157 7743 4674 1277 3132 1711 4027 4502 765 4275 6752 7879 101 1258 7091 4259 1270 2252 90 3744 862 7059 4068 430 5625 4905 3160 2276 2066 3466 7119 5227 7415 2302 6562 6920 3705 5755 5974 3802 33 7659 995 1339 482 5043 1441 531 2483 220 7468 3625 4902 1045 2124 5241 1236 3651 5907 3950 2511 2498 352 1933 5541 929 4414 6766 1010 1918 7393 2974 7313 3313 3290 1332 6502 6399 5298 432 213 1654 4143 2894 5578 3390 2504 2536 3261 557 7463 5273 3343 4675 15 3083 752 4506 675 1440 6466 2371 4387 7084 4567 6742 4799 2591 3542 1407 848 632 4435 1781 7172 5427 1828 1501 7348 2891 4953 7616 7140 7286 7287 2553 2063 4306 4832 7894 6984 184 3420 1973 6177 7640 861 4867 2846 3834 1726 1709 2882 6811 2584 7232 6841 6191 2026 3912 5486 5595 4081 6630 2313 6516 1832 7333 3561 5708 2001 1101 4230 2592 295 2853 3470 2555 3771 1647 27 127 2122 1167 3476 122 2795 452 4063 7523 4238 7688 6073 7298 2244 5615 999 6665 2622 4555 2503 883 7833 5905 1084 7001 2339 2156 2796 7143 361 5431 2125 5201 4601 4893 6031 4417 7033 6168 6094 1051 2441 413 4294 2902 3818 617 4764 2573 156 2727 2464 592 5346 3610 6635 6015 6477 1980 2532 7845 3547 2645 3095 6863 6452 274 7775 1053 6584 7029 1693 285 7158 6970 401 3885 7605 5454 2759 6672 3764 3393 4133 1683 6192 3159 2919 2839 2973 5896 4473 3071 371 5692 7890 2725 75 152 7377 3537 1895 6067 6101 898 2881 604 2175 38 7983 5828 7155 6768 1981 5757 7144 4448 2997 6544 3968 5372 3803 2214 4860 111 7372 7685 1087 6089 1179 7050 5255 5019 6401 4759 691 4678 2548 2557 4007 2828 108 5392 7267 1930 3741 6243 3050 6946 2451 6815 5984 5477 922 2836 3098 4456 5155 1830 4892 6450 2676 5869 6521 5197 4629 1518 1411 6668 3566 1027 2966 886 856 4686 2048 646 1379 3825 2510 7206 2308 7944 6667 2826 1067 1252 1872 7843 3938 3809 451 5153 7297 941 7946 1756 7295 2908 569 1244 4021 6291 6648 4429 2380 1786 1274 6117 1349 3217 716 865 653 1216 6483 4457 7043 4833 3843 5474 5531 3556 6512 3440 1688 6061 238 7235 6156 5902 1030 2338 2926 4452 6714 7178 3030 2583 59 131 7766 6418 2455 4483 1202 762 7182 1370 7813 5941 2208 7910 1020 3337 3449 1586 775 3970 7230 378 4291 591 2057 3882 6329 6209 6943 6784 3215 5231 1840 3605 368 4001 3033 1487 4384 339 5138 7078 942 7853 2318 6238 7951 7025 7618 1112 813 3117 6392 3474 7272 3932 6165 4768 7456 4139 4525 5724 4852 5727 4438 5899 86 180 5133 2447 6091 7565 5061 6423 7739 277 4696 2901 5263 4904 2046 2034 5524 5221 3952 4720 4603 6585 7278 6120 3572 658 7788 4684 7660 5187 2212 342 5190 2690 5027 1329 6892 6566 515 4151 5543 2875 5672 3025 1377 3379 5407 834 6626 1625 5874 1672 909 3150 5919 2328 3609 7698 776 7673 1991 1181 4635 3773 5223 1155 4651 1858 3147 4201 5377 7177 4591 6842 5546 7519 502 1585 1806 2264 7375 1143 3908 3206 5983 4611 254 3544 7712 5884 1443 1827 3287 7453 4579 6134 2790 4170 4742 1899 6945 5383 7612 4583 4989 1916 3681 3123 2817 2269 3954 5914 1497 3627 3671 2892 6143 7668 6397 1546 6980 2985 2115 1495 7431 1552 1759 291 6552 5361 2695 6577 2245 6651 5409 1503 5124 4049 1783 7391 663 5769 3104 3826 1177 2222 4827 791 5230 645 5820 7282 1355 2081 441 7934 2152 4034 7839 4386 2365 1948 5788 3873 1065 7878 4623 4126 3403 4026 39 1075 4263 6664 1846 3141 2968 1157 7665 6241 2691 7606 2508 2761 7986 1180 7861 5007 2744 7603 20 5509 2099 5268 4496 1033 1705 4932 2477 3529 7716 6218 6602 5089 44 5679 7418 2821 1689 1529 7527 2572 6642 2624 1942 4315 4317 1223 3729 4667 6491 7609 2088 7783 7165 5176 6791 3587 1543 679 406 397 3326 842 6822 7368 5760 732 5245 4916 7794 7434 7646 5479 3360 2167 355 6794 6430 3053 4950 5566 7996 5048 5520 3617 3446 5429 7492 7285 7974 5237 7959 2918 710 3492 5262 7877 2834 1022 5329 1424 4481 4328 1228 395 7345 6604 7599 3082 1900 4689 2923 1631 6193 3812 4227 6409 7390 5976 3613 6579 443 556 4606 5399 2426 4403 6753 5803 7079 3849 5703 4862 5082 7152 1622 507 1805 2613 3564 7876 3059 3307 5789 2889 489 7985 2017 3182 3895 2906 6025 2794 3047 3751 985 5050 7382 5949 3264 3481 2268 7584 1381 4580 7669 7053 11 2525 846 5830 2177 2630 790 1496 537 6886 3983 6835 3472 4923 7881 3432 1919 5599 61 3790 2689 1618 3301 4300 3827 6745 4578 6010 2230 1808 7181 2520 1874 7913 2522 6687 5570 2842 6649 7171 7822 3892 6215 1479 867 3270 5175 1396 1318 2463 7628 2183 7341 5719 7849 5404 2811 4700 532 7905 4681 606 5171 3026 4706 5591 3352 7488 3316 1969 2513 1634 7802 6663 5819 1761 6285 2408 6026 2752 1597 5673 4303 85 6881 6077 2419 2775 654 470 5753 424 3742 4755 3259 7176 6916 560 5119 5738 5872 4705 1592 6654 1902 2190 3730 6060 650 3296 5802 3094 4351 5253 7931 4200 5901 7105 7241 3204 4835 4392 6217 4426 4176 2840 7193 5068 5473 4000 7513 4056 635 7013 497 3665 4770 3168 4948 753 5334 6575 5287 1336 4990 1540 6262 2654 5438 3075 5671 4494 6002 2609 6020 6258 2890 1639 7153 6356 7486 763 5419 7077 6121 1739 4479 5493 2716 2646 3359 5071 7311 6860 4222 6247 728 6493 5577 7337 4309 1790 6139 160 118 4194 4517 651 7414 2615 4670 6174 7299 79 555 3541 5583 2543 438 1471 1831 577 6248 3096 4516 3258 7756 6849 6130 6645 6840 3721 2085 52 729 4731 1843 1410 112 3102 997 6406 6706 4561 2413 3005 6589 2349 4738 5550 3000 3166 7058 1363 4572 2095 3003 7750 4350 4346 1276 1104 3559 2729 4110 135 899 154 2874 5062 2988 3099 6099 2774 4793 6514 6740 6396 4376 6536 5900 5428 6659 349 2979 4906 421 7798 499 465 6032 7900 656 471 2155 1016 4237 5022 6326 5873 1821 7904 262 6587 2428 4205 7695 7579 4251 1226 2249 6269 1070 3028 4090 7276 634 4618 1886 1859 3888 357 7889 5017 449 539 1944 1267 2136 1218 493 760 7725 7365 5400 2429 2133 6041 1777 7343 2616 7630 7284 6558 4973 5441 4252 5977 6444 6816 5501 509 814 2944 5609 884 794 2270 3896 6427 6122 611 1667 2135 1616 3935 7127 4103 6267 4812 6680 129 796 5037 932 1133 7388 1068 5717 3288 2657 6334 3874 7063 1196 3747 5319 2334 7924 6707 6341 1628 1506 7496 7666 3624 1547 6167 1938 3978 1054 2283 4617 1151 1885 2984 6524 840 5794 5379 6929 5762 4650 4757 2921 5468 146 2816 5870 3669 4363 4185 2089 5110 4266 3127 6309 6472 4539 1675 1429 3543 3196 2181 4746 4834 4089 1760 558 564 541 7350 5046 2038 7631 2164 6709 224 4265 4025 3276 2900 5931 5728 2994 7799 6747 2274 4615 1253 1681 3941 5775 1483 1569 1284 4085 333 3137 5189 7252 2021 4775 4378 1419 2737 110 7417 6451 4597 7560 7148 6385 7481 1735 2534 673 1912 3378 7793 5178 4795 5041 2041 7975 1003 5401 7757 908 5042 1078 3704 2707 3848 276 308 3338 2163 677 5113 5952 5340 3460 5844 2723 5893 2169 3138 1128 5054 5954 7139 7938 7228 7347 442 7593 5817 6213 3064 1987 5856 4059 1066 2374 1019 2239 7274 467 4959 7893 4987 7960 1690 7654 2571 2353 3413 6369 3255 4828 7882 7466 6582 1491 7039 3406 546 2662 6950 1504 7704 6471 692 1055 3415 7302 4058 7916 1710 6069 439 4588 839 5229 2478 5159 5269 1148 2216 2236 3049 572 4628 7805 490 2773 6125 1353 4805 6098 7764 3965 2343 3341 2109 153 7506 8 7656 7644 374 768 6960 2229 954 7160 6735 4174 1434 5281 5944 3808 6166 2981 4302 5579 4495 1338 4619 3292 6111 7306 6249 2701 5318 1232 2188 2965 7070 3068 6212 6353 5080 7896 3924 3134 540 1931 6525 5530 6195 4915 2909 2232 2563 7692 939 3871 7851 2720 648 1061 3310 6292 1076 446 6498 889 5403 3784 5736 2754 5151 7263 179 380 1732 5083 7480 5212 241 1400 3733 3920 1801 5087 1303 4262 2639 5806 7895 6346 6743 3780 3616 6363 5951 6969 2724 230 2022 7841 3962 4137 2635 870 4886 5047 202 3409 5539 4631 1330 4994 3957 6375 6374 3804 3457 6780 1601 7782 2418 6454 4094 4863 6836 3508 6314 6861 4978 3209 6033 3331 613 6293 1738 4714 1741 1306 4937 5314 4633 6470 1721 6379 7811 6301 6871 7097 6140 6696 6787 7554 162 3615 6533 2561 7803 1260 4885 3482 7482 3111 830 7130 7549 5239 5242 3130 1209 4914 2648 1468 6197 5193 3493 2870 7066 4335 2544 4395 4928 7533 6496 4944 6422 2204 2096 1803 7715 5008 5254 6137 4412 4703 2888 6424 3568 7021 610 2279 3845 2376 4711 6282 6640 7007 3919 5324 7384 2924 4929 4172 5422 6239 7339 2967 4153 6716 3425 2804 3321 6965 258 686 2123 6765 4273 5117 1671 5850 4634 6154 7561 4082 6573 1314 3763 2400 3353 7727 4316 4357 4541 534 7265 4722 1190 4981 7620 1750 431 157 2580 3487 5181 620 987 6894 2481 4503 4040 4811 6306 1588 4474 4353 4107 6940 778 2758 6646 6828 6110 6846 1925 1763 4218 5275 2032 4612 3988 3604 3860 680 3195 737 3139 7479 1018 5613 1408 6723 2383 7080 5224 5289 3778 6235 5563 7909 4190 5246 4531 3453 3734 1346 1834 3494 7984 4144 5162 3659 5369 5704 4920 6609 2421 2012 5267 7736 6634 7689 7485 6321 7362 3700 4710 4798 2033 1281 2930 6 708 1125 6455 914 622 3592 3565 4396 2065 4155 5320 863 6355 3670 4940 2227 3596 3759 7344 992 4127 979 6829 5123 4630 2697 445 3791 5635 4215 764 4032 1384 1421 5659 5645 3855 2638 767 6922 169 7402 6339 3903 6878 2388 578 5521 2663 612 6601 3039 6297 603 2137 450 2512 5112 4149 3058 3816 530 7410 7188 3853 5309 7122 3192 5627 286 1389 1567 7638 3124 1890 6438 4501 6138 3167 4048 6344 952 4084 7224 5584 5982 2643 6055 463 6052 4460 672 6700 640 198 4573 2934 5368 7887 2608 4993 3435 6847 5333 4463 3284 2879 5557 2713 7760 2956 1350 1702 5745 7683 6119 468 1967 5559 2285 3722 4487 1406 6358 7461 1478 7869 7032 2435 5558 5835 6090 1392 3560 5654 5763 2462 2957 5684 857 6556 7357 4807 1908 7183 1611 1882 3163 2700 6449 2869 662 5191 161 6588 5354 3973 2810 7629 3318 1328 6995 1426 5603 13 2296 2682 6876 2386 2335 7354 2687 5948 4985 5135 272 5649 2619 6275 3698 4008 2344 1968 5215 2472 7567 4035 2039 5072 233 989 2008 3155 1746 2258 7970 1898 5240 687 2674 3701 7213 6354 4879 6046 2694 5435 7992 3243 890 3377 7249 46 5311 4430 5098 529 1717 5859 1814 5165 3356 2903 5647 7571 2506 7096 4550 7857 2484 2470 4646 4826 2951 6594 3650 1512 6639 314 3646 6803 6702 1892 7929 615 31 7292 3717 2653 4901 4936 6712 5166 5622 2728 7818 4410 953 5184 553 5749 2805 334 4869 1640 2770 7812 2154 5 7542 2628 2067 2082 403 5739 2493 6006 4891 1272 6962 968 1989 5946 4069 6885 2950 2294 7293 2876 4528 206 5363 1776 605 2315 2672 5809 6219 2355 1551 5605 1032 3636 7109 835 32 3514 6821 5445 759 5888 2304 6435 2514 2841 6628 5771 6468 2680 158 5624 141 7095 6347 6324 7042 2920 6360 588 259 6851 7737 5955 7508 3412 2108 3963 5094 402 3767 195 5933 4926 3987 6272 7999 3448 1004 6319 1788 7225 2110 1448 2223 7212 6227 4939 6463 6657 2043 6874 4853 4982 3702 694 4965 4334 6713 5139 1536 7989 7069 4424 5349 7700 1345 6614 7538 3300 5680 1720 6763 6457 800 5747 2962 7820 6554 5725 3580 1288 829 5643 6704 81 5836 3545 6190 3322 1476 1575 4154 1813 4102 3635 3277 1532 7169 6684 1719];

Primitive16:=[5785 210 2632 4778 2792 6790 4297 2819 2438 5045 6484 4607 6173 1192 1663 5121 4203 7445];

Primitive17:=[7209 35 5800 353 6391 713 6564 5793 885 906 6441 2151 3067 3320 414 4065 6226 2958 377 54 5451 5418 1860 7203 3934 6264 2440 5617 5991 3101 4285 7850 7495 2306 5375 733 4092 971 5593 5488 1571 4740 3371 6371 4240 4440 4267 1428 2149 1513 1764 797 6685 4234 1595 4542 3858 5353 5067];

Primitive18:=[6380 207 2171 4894 1297 5586 119 4368 3810 319 5210 2443 1246 623 2614 3953 3361 6710 6080 1676 526 6674 1364 2658 3268 7166 4451 425 1319 2479 3203 2248 4843 1470 2627 5380 4158 6856 1298 100 5469 1201 749 4147];

Primitive19:=[6380 7209 5800 7842 4065 6226 2958 377 54 5451 2443 1246 623 2614 6935 3750 5412 1706 343 7976 70 3188 3534 1659 4509];

Primitive20:=[1983 5629 3518 5084 4467 5889 1465 4804 3272 1975 1849 5750 1789 4969 5402 6211 4609 2381 3577 4725 5413 3630 582 7547 6596 5581 7576 47 1833 7081 4134 3517 3872 2020 288 5705 4750 1136 2905 3789 1802 2436 7305 6591 5432 2340 6345 4191 2475];

Primitive21:=[6623 1724 4459 2935 4665 1343 7645 6481 6434 6722 3384 7623 4900 6421 740 1378 7859 3525 3594 5453 7705 6331 3597 4442 7037 5502 3737 7439 1494 7450 4964 2382 4636 6976 6208 7253 4276 5831 1344 5601 2928 1901 2755];

Primitive22:=[1724 1983 3518 4946 1789 4969 5402 6211 4609 2381 3577 1343 7645 5003 7779 5801 5496 7966 4023 6348 5930 5132 6507 5292];

Primitive23:=[1927 3051 6729 2375 4935 1295 373 2030 347 779 4988 3927 2732 7816 6365 5698 2877 7149 980 5640 1629 2527 6951 4321 838 4697 5164 358 4450 7256 4930 511 3538 7088 5234 2751 5792 4418 6715 2395 4836 933 1184 128 6520 514 1000 121 6011 7184 4554 5926 6062 7864 5637 6388 3463];

Primitive24:=[697 1368 7103 4878 6097 6754 2945 2993 1403 4669 590 6893 287 927 6081 7364 4760 4854 5807 2205 2704 2211 1140 1796 326 5852 1326 4421 7747 750 5943 4526 5448 6522 5887 4784 5706 3411 6708 4118 3995 3725 5180 7765 4079 4558 2829 6677];

Primitive25:=[4585 7233 269 2732 7816 6365 5698 2877 7149 980 4878 6097 6754 2945 2993 1403 7396 6956 4101 4709 5370 5034 25 4772 2142 3939 6845 4189];

Primitive26:=[3475 3396 3933 5653 3511 5553 4898 4925 3628 6906 4453 832 1413 7175 6153 1993 6720 6576 6875 2444 1697 4529 6083 7678 3121 2541 3653 7821 328 2509 6705 4447 4423 1083 3601 77 7283 3100 4718 1002 4745 5359 4823 3840 3958 1159 381];

Primitive27:=[1163 4361 6016 7687 3936 547 4560 7734 1096 7124 6774 1247 5306 7154 5014 2642 5116 3922 597 7596 19 5106 4521 4389 789 5545 4592 1515 2011 3186 2073 7424 5396 7006 1677 1120 4544 7927 7657 5459 5915 4817 5988 6268 323 7777 4800 2219 6489 4530 1923 7355 3241 4017 5156 1293 1358 4536];

Primitive28:=[1163 7175 6153 1993 7124 6774 1247 5306 1123 7598 6539 1971 1520 1999 722 2823 7202 7815];

Primitive29:=[2373 2650 6571 2938 2734 4057 2519 1296 2117 4407 1943 6532 7198 5597 2364 177 2191 5980 6038 3836 1642 6467 5257 5618 3793 1359 4486 7655 7741 4563 2453 7835 4458 4642 7923 488 6799 625 923 4277 2401 5382 4998 3633 6795 2607 6909 1224 2661 810];

Primitive30:=[6824 1498 3553 5265 460 6027 1480 711 2866 3696 1150 102 7157 4383 4013 4608 1775 4078 5585 6508 6769 1139 4809 994 2432 6671 6118 6474 3600 5936 6429 7221 858 788 1006 2111 6644 4831 2100 5650 317 4996 4761 3994 5475 1838 983 5244 1947 7855 5707 1835 5463];

Primitive31:=[3588 3562 1943 6532 7198 5597 2364 177 2866 3696 1150 4219 7373 1905 3216 7399 3183 134 7583 1043 3007 6490 7969];

Primitive32:=[6378 1169 6691 5551 1959 7787 2396 7113 7126 4610 4866 7600 78 1854 6636 1870 3781 1088 4374 3013 3606 1323 1007 7036 6764 1098 4839 1699 6837 3551 5612 3710 7056 5079 6581 7614 5783 437 7874 4345 266 7971 183 4887 7808 3990 2448 5216 3621 1301];

Primitive33:=[149 5170 5303 211 3174 4647 5576 3674 7017 6529 5186 595 2626 3603 7068 4098 5208 7702 1960 2422 6330 4326 5503 6694 4138 99 1767 5443 1185 4849 2104 7358 4734 1385 7856 1211 252 325 71 4409 7580 2036 6808 1856 2127 1449 3752 5556 2336 3683];

Primitive34:=[6378 6691 2781 3454 78 1854 6636 1870 3781 1088 4374 7017 6529 5186 595 7691 3506 5790 2995 6068 2392 2266 3820 4699 6135 7057 1382 5841];

Primitive35:=[7634 6548 5169 3558 2275 7326 5897 2989 4888 4436 327 6255 2735 5069 2035 4543 4006 3190 3510 3654 816 6897 3154 7810 6105 7632 1422 3229 494 2247 4806 6364 7546 2009 3483 3663 387 4922 2403 7965 1896 7237 7304 2360 5499 4211 7597 6200 2745 3249];

Primitive36:=[2445 3112 4712 2605 7179 4271 3799 1031 5962 5063 3942 12 6005 5628 74 7374 64 484 2783 4931 7150 3459 2083 4957 5528 1176 2225 4347 1974 7142 1862 2255 2991 4640 1563 4821 3074 1883 4540 7761 7449 4415 3346 7540 4419 1809 3224 702 7952 7092 624 417 2502 6419 3807];

Primitive37:=[3112 4712 181 4695 2035 5063 3942 12 6005 5628 74 3639 2824 7749 1208 3443 4004 6882 1452 107 5985 3691 7978];

Primitive38:=[5960 2480 3144 2634 1599 7005 2667 4874 2686 6736 191 7525 1492 45 1652 5006 4340 7147 6251 4117 6991 1961 3940 3867 248 4331 1929 5420 6788 7395 4255 527 5735 7118 6999 6384 4404 4847 3870 5004 2739 5534 2233 960 4012];

Primitive39:=[6256 5323 3078 3775 1573 1533 1173 2896 3421 429 2050 1553 5357 2295 7590 5688 6933 1059 6911 726 2983 3897 6678 4043 5964 384 2845 3437 1342 2883 5821 2880 3839 1073 1880 4753 4582 5091 6834 2946 3027 7649 5012 5217];

Primitive40:=[5323 5960 3144 3078 5942 4754 191 7525 1492 45 2896 3421 429 2050 6612 2496 4197 5894 2286 4788];

Primitive41:=[1509 4687 951 6036 4564 2802 631 4380 3612 2907 4519 2912 1845 6814 2929 7569 2180 3979 7844 7834 4566 1398 2182 2389 3928 1698 4513 3692 5195 5877 1457 7888 5259 3673 7709 412 6245 3236 6037 5192 3889 7236 5658 1824 3084 5778 3985 216 978 2719 168 1979 2329 6349 6473 5522 3438];

Primitive42:=[739 6024 4621 3712 4213 6335 3335 3619 6699 2665 2282 7891 6028 4702 7958 5225 4796 3697 2016 3530 5620 6201 1508 7258 2893 1972 4830 3652 256 1269 2091 4771 2415 931 4581 1700 1661 4298 6416 4370 5693 1287 1431 2827 6903 436 4977 4087 2404 2466 3913 7906];

Primitive43:=[1509 7872 5096 1845 6814 2929 7569 2180 4213 6335 3335 3619 6699 4896 4557 896 7031 5865 2855 3783 5108 1984];

Primitive44:=[4616 1633 5411 4814 3726 6987 4840 2213 6164 3225 5978 5288 1099 3571 7762 6014 4498 2031 3085 6908 1459 7626 7832 1205 7610 1380 1985 6377 3126 3090 4797 2196 5768 5065 148 6246 4469 4042 5052 5911 1887 811 6538 5417 7771 321 6054];

Primitive45:=[809 6295 3280 7167 182 3902 4471 3370 3333 6146 1399 2414 5895 4261 7266 7903 7591 2301 1937 6972 6701 6128 6925 5580 3622 1005 7690 852 6528 715 5439 3579 1836 6786 2904 3917 3662 5777 5097 3394 6188 2708 803 5316 5677 6352 3212];

Primitive46:=[6295 5411 3280 3977 5288 1099 3571 7762 6014 4498 3902 4471 3370 3333 6146 6719 586 4850 5881 3724 7641 3959 912 6008 4643 5183];

Primitive47:=[1701 6838 267 1794 1312 3162 7321 2785 7730 7290 26 5036 5756 461 1072 2145 6447 4727 6205 2028 5665 7133 5136 3161 4077 1255 6783 1958 5291 5880 5666 5351 6844 4604 7319 3040 6643 3184 2964 2858 5959 1687 6436 5912 2019 6549 7308 5999 7300 5056 7264 5973 2942 2852 3533 5737 3315];

Primitive48:=[7582 3389 416 7275 3426 3306 1894 6756 1914 5588 2056 7493 4756 3589 1557 589 6967 574 4909 5759 2055 2209 4980 5233 4983 6509 42 7539 6412 2327 3629 5917 2599 4594 2779 3143 1401 7837 5681 3336 868 4763 6411 6600 6598 4391 6240 2397];

Primitive49:=[7582 5969 3465 1072 2145 6447 4727 6205 2028 5665 7133 6756 1914 5588 2056 7493 4756 3589 1229 5073 2128 4292 2765 4546 1593 1744 4446 479 5430];

Primitive50:=[6726 7643 185 5713 5219 7226 6748 2980 1238 5387 2936 6178 1383 1811 1766 2456 6043 235 7332 5751 3451 4010 5562 7719 4348 7314 1580 336 6305 3120 22 7107 609 4743 6975 6182 6617 562 7019 7535 1135 2206 3073 7261 6172 6592 4749 4431 3656 1620 6373 2598];

Primitive51:=[1823 2865 6751 6504 2416 5808 49 2961 1172 2830 880 6792 2659 2267 6904 6567 5947 7883 6690 3430 4637 3686 5088 4789 6503 4461 2140 3626 1871 1891 299 4083 6299 7768 3546 3380 801 415 3715 981 6199 1992 2746 5092 3531 76 6927 7204 798 6361 3015 2291 7045 4196 6232 2385 4341];

Primitive52:=[6726 2865 6476 1637 1535 1766 2456 6043 235 2830 880 6792 2659 2267 6904 7460 4575 5327 3649 7825 2808 2062 2552 458 1630 7846 5398];

Primitive53:=[6253 7041 6404 1134 2621 7863 3539 7738 6229 7776 3342 250 6492 6902 7754 2370 607 1966 1762 6387 3391 362 4924 6543 4919 962 6280 3951 6478 1770 1376 7441 621 6890 300 5457 4838 5235 7785 218 6274 4952 4360 190 3479 6855 1954 3191 5040 3735 2434 4921];

Primitive54:=[4908 171 1189 5981 6661 5371 5843 584 7379 4359 579 219 2293 1851 2172 2860 2685 3178 455 4698 2393 332 4104 1423 757 704 7902 4329 5285 29 4349 2077 1742 661 3118 3590 6343 4164 7997 727 3502 7394 7964 6488 4668];

Primitive55:=[4908 7920 4648 7776 3342 250 6492 5843 584 7379 4359 5205 4783 2717 4656 915 5196 1231 7897 2788 67 2764 5536 5024];

Primitive56:=[6741 2192 7413 948 4488 407 3640 2594 5540 1041 2848 6133 5549 7635 5754 535 6129 2105 7016 1194 1367 3473 4114 1608 7462 1523 4880 4148 642 690 7024 3376 5444 5264 1105 2538 7303 3042 1264 3869 905 6368 5519 3886 5481 2540 698 7502 1146 3267 7472 1655 1646 521 7796 1986 62];

Primitive57:=[1754 5304 4216 6479 682 3262 1511 5886 3232 5963 5140 5410 6618 3045 261 3899 743 5776 84 6313 1149 700 2847 1450 2372 1106 641 6464 1545 6065 3582 1863 1913 2271 1309 2575 1614 2064 5574 2885 5683 3875 2007 4338 4312 1013 721 819 3022 4676 643 1556];

Primitive58:=[6741 5304 4080 4533 1026 535 6129 2105 7016 3045 261 4736 7164 1632 4097 6738 94 1837 7467 1668 5935 1127 3251];

Primitive59:=[7064 2047 2460 5163 6981 2079 3641 5606 3207 655 823 7949 3072 5010 6675 2287 7444 6462 7652 3275 1263 7279 6546 5773 7795 3201 2500 7828 5998 7151 6289 5044 1089 6910 4803 2753 5866 585 5122 3907 4075 4388 1865 4535 311 260 4313 4050 4336 6798 359];

Primitive60:=[2425 565 7499 512 7360 5572 7483 6395 2677 7530 159 3035 7648 4014 3197 5799 4510 2040 43 6683 2351 3332 7763 6254 3666 1374 1391 6045 7550 1939 4553 1703 3395 1528 5718 273 1107 5032 6586 5851 3905 294 3312 1564 3806 3792 7469 6127 5890 4239 3340 705 2173 3202 2424 2960 1095 4846 3690 6986 6342];

Primitive61:=[2425 2047 1749 3866 5929 3072 5010 6675 2287 7444 6462 4014 3197 5799 4510 2040 5837 1221 5033 1785 782 1259 2749 1199 4871];

Primitive62:=[1212 3105 2683 50 3122 5258 828 5656 736 6376 7748 6337 7086 4270 3484 4658 5515 6389 6155 3981 2623 5670 1758 7558 5350 5630 2565 5498 7767 4289 2228 6578 7312 3305 3434 575 2545 6985 543 4016 4030 3854 3227 4819 106 1537 6760 4342 1716 360];

Primitive63:=[608 2996 7465 3911 4282 6936 2379 4991 1793 7123 926 3607 7494 2797 5868 3736 6445 2947 1028 3324 5456 6273 5661 5795 1500 2309 4441 2526 7608 7416 2391 5918 7543 5839 7452 5526 344 2359 1780 4422 1820 5858 6259 4786 6034 6793 3462 3743 6971];

Primitive64:=[1212 6290 7201 7086 4270 3484 4658 3607 7494 2797 7366 7404 4169 142 5829 4198 875 2681 1596 3863 6189 7706];

Primitive65:=[3325 2061 176 3554 3180 4961 2722 4287 3495 5619 17 7280 1322 6088 5544 928 1850 4278 2800 7518 1982 6772 3598 7740 969 1109 3464 4559 2574 693 1418 7717 676 3442 4769 411 6692 7679 7270 1489 7211 4168 4437 4782 4790];

Primitive66:=[222 998 6499 6505 5023 5455 3471 1251 1934 3813 5854 2693 7087 5194 860 4245 3815 5466 6465 4229 5015 6170 5979 6150 1950 5812 165 6843 958 2895 6961 2014 3198 265 6812 3788 244 4445 876 6207 7933 831 806 3997 4593 4071 56 1893 1292 1844 5711];

Primitive67:=[998 2061 2750 3495 5619 17 7280 5854 2693 7087 5194 6574 242 4052 5742 4311 4400 6949 2052 1103 4482 5590 1250];

Primitive68:=[7915 1996 382 2161 231 1161 6914 5243 7950 2631 6244 7852 6338 7800 5805 2562 4339 1624 1362 4713 7780 1773 7873 4663 1866 6540 6500 7349 2113 2629 3824 1627 4963 1124 150 462 1327 2 4845 4511 5016 304 6056 5039 630 7240 647 6402 4657 7744 1686 5277 5260 683];

Primitive69:=[1636 4890 6336 1215 6996 5031 1015 7919 7052 1091 3031 854 7604 6767 5495 6277 3947 5284 5381 786 6228 4997 5360 6001 2288 1635 194 3235 1313 4425 7243 5779 5085 2712 6485 1464 2407 7259 4031 3152 6106 6964 1679 423 3056 3948];

Primitive70:=[1996 7852 6338 7800 1091 3031 854 7604 6767 5495 5081 7752 7363 2322 6176 1589 1182 4112 1141 1722 6252 5222 3677];

Primitive71:=[1927 6623 4459 7294 3614 6481 6434 6722 3384 7623 2030 347 779 4988 3927 844 133 6271 7854 6569 5236 5199 5115 6458 2767 3158 7446 2769 3317 7437 2224 1795 652 2897 1881 1225 2317];

Primitive72:=[3475 3396 6124 6327 1555 4669 590 6893 287 927 4898 4925 3628 6906 4453 832 1413 245 2406 3128 5797 7972 2461 917 5328 5002 3851 4787 4231 2042 37 4152 1265 7190 2911];

Primitive73:=[4361 5060 5458 7663 7503 7154 5014 2642 5116 3922 597 7596 2734 4057 2519 1296 2117 4407 3926 4875 5908 1910 664 3535 4372 7269 2454 7110 4664 5811 2299 6103 5256 5028 1650 88 2969 946 2176];

Primitive74:=[1169 6824 1498 4493 3060 1909 1941 4466 102 7157 4383 4013 4608 7113 7126 4610 4866 7600 7977 2251 7185 7627 5721 5464 4877 6393 5667 60 4489 4524 7002 5144 4130 3010 6325 667 5321 4160 4690];

Primitive75:=[7634 149 6548 7790 920 2027 5305 5986 2626 3603 7068 4098 5208 4888 4436 327 6255 2735 5069 3252 4356 1467 7940 781 3373 2086 4632 7684 678 6928 3285 3498 6852 2597 6183 7570 48 5161 3536 7011];

Primitive76:=[2480 2445 982 5356 7374 64 484 2783 2667 4874 2686 6736 2809 4358 7336 7458 393 921 1001 851 28 7034 3433 1995 6942 505 4301 3515 6797 3334 6096 3387 2412];

Primitive77:=[6256 4687 6785 4193 1553 5357 2295 4380 3612 2907 4519 2912 6214 3113 91 626 2581 4730 2530 3298 1715 6957 5437 3423 548 225];

Primitive78:=[4616 739 1633 5204 4462 783 6864 2665 2282 7891 6028 6987 4840 2213 6164 3225 5978 3254 725 2838 3273 5134 804 7409 7943 666 322 6250 2217 1056 3976 5638 5860 4903 4188];

Primitive79:=[809 1701 341 6616 4379 6414 2518 1399 2414 5895 4261 7321 2785 7730 7290 26 5036 5756 461 1842 544 571 6029 793 4091 7681 6977 4037 2949 389 2000 2948 2093 2162 4235 5636 7098];

Primitive80:=[7643 7489 878 6079 5845 4330 1557 589 6967 574 4909 5387 2936 6178 1383 1811 4527 2361 3398 338 818 7353 580 937 4918 1473 7075 3244 4472 5594 3237 7947 2305];

Primitive81:=[1823 6253 3041 4590 6035 6567 5947 7883 6690 3430 4637 2621 7863 3539 7738 6229 1156 346 7930 5278 3694 3900 7899 815 3519 3695 7742 821 1071 4984 5997 1641 4299 5714 2528 2120 6905 7315 6131];

Primitive82:=[2192 7413 1615 215 2068 579 219 2293 1851 2172 5540 1041 2848 6133 5549 7635 5754 2018 1451 1481 4221 7376 4046 6993 5478 2054 5310 3021 3728 5141 4055 3416 6432 330 4870];

