Primitive1:=[3674 1541 4128 3893 1079 1506 797 302 3354 2177 1439 4952 4153 3150 2143 2836 4762 4981 267 3398 4753 3296 2027 4306 550 1712 4946 1004 4476 4444 3876 2188 3943 4284 543 4903 3411 4760 20 3763 4752 1716 1569 465 1310 939 3428 4642 2699 4623 1775 2407 3875 1015 1651 967 1593 2155 3440 2544 2924 1866 2350 3104 4115 913 4793 2536 3240 3620 1492 1183 1970 2014 1520 4082 1867 3862 2530 979 2797 1201 2748 2763 4730 2962 2090 585 4906 2802 392 625 1985 4690 4580 4608 852 3275 1125 3251 4493 2602 3053 1366 3181 3721 3545 2065 478 2451 1947 1670 4469 3634 3998 3406 85 1690 4406 4805 1808 2706 3537 1290 3046 992 1696 2354 2941 3784 36 311 2655 92 4610 2091 1150 4367 4982 1768 73 4557 1443 4303 756 3284 1982 2262 4553 1024 3512 2583 956 916 3684 3158 4331 3495 3492 358 1657 1547 3120 3839 826 1431 4177 3697 192 3306 376 580 3488 3229 348 1881 714 2263 1784 1151 4072 3437 2401 473 3396 3948 4990 306 3223 2955 3676 2195 1247 2947 2297 4474 223 4918 2382 3147 3574 1680 3381 2031 4034 2118 739 1703 2656 4817 2954 4344 4195 4400 1804 1178 4606 4065 2153 1723 1009 562 239 2077 1573 4695 2352 2437 2222 2654 1743 2072 458 4789 4858 4949 2240 1368 3485 4973 908 3337 1539 3446 1300 2053 450 3831 1404 2495 2339 4783 294 1485 2299 4864 3720 270 1408 3222 442 3418 4181 3192 772 2246 4364 2816 2179 2943 125 2687 3353 2131 3552 3426 42 1116 4507 4790 4732 1600 1494 3323 4375 1607 817 3549 77 1948 4829 3505 3644 3021 1223 1929 4167 3833 412 1576 3082 258 430 573 1292 2327 645 699 2940 4484 4151 1016 1793 591 2964 4356 1666 4921 1164 2403 4259 3718 4175 4351 170 4380 1426 4074 484 631 634 1349 3939 3646 1533 2375 1129 4802 4336 4684 1737 3100 4407 3760 2573 1987 1767 3207 2722 2011 3350 2410 3145 2694 41 3355 1032 4840 3380 850 2267 1375 16 884 1197 4389 4201 4758 2215];

Primitive2:=[3674 4444 674 93 1240 1206 3602 1930 665 522 2047 2605 670 3113 2374 1450 3041 4388 741 2243 3631 1036 3188 3799 4738 2829 1267 4866 4959 2726 3914 2148 3560 2703 4172 1285 145 3816 1842 2561 2695 1212 113 1471 2787 930 3385 4186 777 2579 3662 560 2504 1264 3582 2054 4360 1846 4600 2318 2475 1813 3987 3434 4649 3652 2987 2450 4581 1940 3086 2653 4799 715 1181 1860 4350 4577 3814 563 3214 2219 771 3291 2996 451 3264 3890 456 4155 3300 173 7 4085 4749 3124 3220 1175 4125 1478 1783 2732 2844 642 4780 115 4401 4767 2983 91 2509 954 446 2670 4015 2174 2510 1795 3517 1688 3458 606 401 4646 4857 4291 607 3995 4510 4830 1330 4863 275 1629 3163 1976 3879 3431 60 4455 955 1453 4979 3940 2967 3187 722 1672 2756 2019 1466 2861];

Primitive3:=[4316 2550 3190 1337 4680 4626 1361 4965 369 2466 2055 1231 3759 367 784 1402 3035 4718 840 2777 3837 3359 2882 214 1012 50 731 3271 1073 2580 3655 2649 3733 2247 43 1242 533 3201 3871 844 1399 2909 1213 2742 1839 2593 3988 768 1433 2992 245 4353 4872 1023 856 2337 2463 3563 3828 1843 4766 2005 877 2690 310 3118 4409 2810 2543 958 3064 3881 2142 1691 1568];

Primitive4:=[4773 2971 511 1484 4311 2886 207 4991 2975 1658 4989 175 4183 2040 1309 3159 3110 1722 1562 2253 276 4038 3405 1232 4282 3304 2180 163 1869 1618 2043 744 4498 1118 1354 2075 798 4417 2119 3731 3639 3910 1779 1470 2890 2221 3328 1370 2505 3164 3758 3957 2805 496 78 1509 2038 3954 4270 2740 1676 1675 3454 4576 3677 1041 613 2557 1592 3302 4659 2991 3235 2494 2279 1923 1449 2714 4930 4861 4543 298 1189];

Primitive5:=[1541 4182 3620 1492 1274 2589 384 2343 1382 2814 4426 1020 1733 3331 1397 2076 2146 3868 1997 4274 2341 1419 3316 2461 711 10 4751 2004 3706 590 2381 4839 363 1584 75 4601 3986 3068 2023 4540 4594 4277 2196 3194 3849 2369 3395 149 4312 726 400 4452 3259 3755 3329 505 4387 1537 2453 3509 1774 4289 364 2725 462 4515 1050 799 2620 899 3689 3055 142 558 3191 491 1963 2157 923 4890 579 3478 541 4321 2995 461 868 4362 978 3556 3993 2469 2934 4332 2030 3027 4622 1048 1626 2775 4042 2168 885 3060 3213 189 3048 459 1454 903 3417 1742 3065 3066 3029 117 2851 51 4938 803 1687 1364 926 1409 1429 1789 3148 3069 4340 111 3371 4744 202 1705 1391 2622 4957 3466 3459 3952 623 1729 3081 324 697 4571 2276 1229 2532 4414];

Primitive6:=[4182 2227 3706 4057 911 4206 4190 1308 4243 1973 4150 2225 208 3217 3547 2906 1612 4911 4978 2488 4537 1499 3990 4450 4197 4052 4006 488 2400 1827 3189 3641 492 2304 4281 153 118 1746 709 2591 4059 1049 1207 1461 2705 3136 110 1044 2512 1858 3682 4210 2871 1757 4124 1351 4295 894 4844];

Primitive7:=[2227 4843 208 3217 3547 1638 1707 4712 3198 1818 4634 1040 2159 3909 2471 4528 4745 3473 1728 395 4870 2496 194 3266 2346 587 2060 4663];

Primitive8:=[4843 1818 610 4347 1163 4697 4394 764 3228 838 2491 4255 356 1195 1810 3494 1324 971 3388 3820 3696 1327 3867 2598 1836 1990 1850 2651 3243 1918 878 576 1515 995 2270 1763 950 2037 2534 947 3227 2697 1752 2937 1503 55 1250 525 4301 1968 1130 867 2917 4431 3970 4994 3424 1052 1187 79 2903 1203 2914 3946 3860 740 2121 1362 4392 4035 471 3390 322 4822 3016 2282 3536 1754 2371 46 1888 3169 4122 250 568 3780 3792 514 2114 2658 2854 3367 3589 1936 2679 1521 2526 4803 3947 4678 3526 2046 1673 131 1035 1105 398 4588 2778 3049 1172 2514 106 1815 4142 3270 1702 4648 1459 557 597 2685 1306 1567 3335 1064 23 1660 480 372 2050 3681 4483 4894 4502 3586 3716 328 181 530 578 1877 148 3525 421 4586 3687 135 3554 4267 4465 2601 4743 2953 3330 640];

Primitive9:=[3280 2314 1850 1140 4218 2116 323 1978 4107 1790 1895 4665 1153 4459 882 2539 1530 749 4511 2507 2421 4079 902 3529 4562 1030 3562 1760 362 4788 4932 1394 15 973];

Primitive10:=[3280 2314 1450 4107 2244 1135 1294 751 1496 4559 1583 1301 4964 3864 1643 246 4357 3679 3024 1512 1065 2020 1057 2406 3427 3708 2623 2599 2007 1102 2615 3959 834 728 4597 2486 17 1902 2546 272 387 4945 4889];

Primitive11:=[748 4687 4549 2418 3663 2419 3061 4865 3577 1624 1234 3292 2214 150 3744 775 2217 3795 4706 4734 4605 2464 4307 2547 331 2340 314 3997 1852 1857 4100 3897 2958 4026 4047 4505 4408 2190 2887 3699 2169 4876 4841 1414 4819 160 2123 2476 2600 420 3752 3540 4895 1177 1659 4370 2516 942 303 2676 2518 3250 3515 4714 1925 4529 441 3204 3084 2198 4045 2716 1239 912 1980 732 1477 88 1160 1602 2412 3790 2606 2838 4874 3399 3578 72 3432 761 2834 4355 2274 3139];

Primitive12:=[2535 4211 176 1927 2492 4812 1965 1606 4031 234 2952 248 3672 4051 2440 3787 3288 1916 1473 3126 551 4081 4056 3043 4560 2779 410 1538 3656 2067 2968 347 3622 2209 4046 2380 3008 4494 3858 4636 1288 4196 2185 2904 3885 287 622 4208 3683 3812 406 3026 2872 769 143 4950 720 3732 4044 3729 915 2944 1060 3348 1328 3137 906 787 2088 1904 677 4644 531 96 4106 3475 1993 419 4087 853 4565 3283 4672 1653 3935 1941 4618 448 4516 1215 1260 4926 4813 2029 4882 453 3050 1905 4912 2572 2633 616 628 1954 3680 1322 3579 1307 1885 332 3804 1837 566 4007 2562 4804 3850 4756 2977 1010 1683 3185 3004 2080 1319 2170 4698 2840 112 1945 1931 3654 1109 3000 2677 2700 2913 1715 1418 3108 3669 1951 4372 3813 216 4765 1271 1817 4892 1907 200 1483 2323 1518 25 630 1617 3873 3105 614 133 1413 4942 753 805 2092 231 1631 4831 205 259 4108 3668 4966 4851 3326 31 4315 3961 1458 1100 2945 4278 3135 949 4821 230 746 1380 3573 1871 1906 2302 3558 3487 2753 1697 1868 2428 1625 338 1358 4292 1097 593 2721 948 2755 3274 495 4763 945 874 2850 4393 1019 212 2447 416 698 2981 4064];

Primitive13:=[2228 501 1331 2667 4254 1051 4290 4915 4785 3277 2611 4832 4071 3692 3941 4691 1542 2135 860 2625 802 3447 892 2883 1800 3748 3402 565 3155 3033 2626 3224 2803 4391 4933 1279 65 2051 1966 1709 2730 1644 2232 3094 3324 2363 2684 4314 2789 6 1727 807 4266 1502 28 3376 1287 3846 4221 2823 3550 730 2686 3756 4377 2128 4900 4639 2821 4225 3414 2377 680 228 3894 2278 2239 4302 828];

Primitive14:=[1541 4182 4843 2314 3876 2188 3943 4284 543 4903 3411 4760 20 3763 4752 1716 1569 465 1310 939 3428 4642 2699 4623 1775 2407 3875 1015 1651 967 1593 2155 3440 2544 2924 1866 2350 3104 4115 913 4793 2536 3240 3041 4388 741 2243 3631 1036 3188 3799 4738 2829 1267 4866 4959 2726 2550 3190 1337 4680 4626 1361 2971 511 1484 4311 2886 207 4991 2975 1658 4989 175 4183 4274 2341 1419 3316 2461 711 10 4751 2004 4243 1973 4150 2225 3198 3388 3820 3696 1327 3867 2598 1836 1990 323 1978 4559 1583 1301 4964 3864 4687 4549 2418 3663 2419 3061 2535 4211 176 1927 2492 4812 1965 1606 4031 234 2952 248 3672 4051 2440 2228 501 1331 2667 4254 4179 1120 3788 1669 3664 29 2084 1077 3855 2765 4655 4286 2163 1616 2627 1225 1336 4607 1578 3221 4188 3140 3290 2911 4138 1574 4579 1353 3607 4512 1415 673 3984 527 3786 4139 83 3739 472 317 540 1977 4140 4524 1635 2592 4187 155 2395 300 198 4171 1552 3933 917 2621 337 3501 2659 2438 1193 222 586 1786 1018 435 1890 3768 3017 3994 1919 1826 1561 3722 375 4386 4592 3859 2265 2588 1367 3369 2930 4584 4298 2237 4764 278 1636 206 1278 2574 3613 3352 3490 1440 4931 3372 2565 477 2001 529 1275 2130 809 4676 2681 3778 706 3460 4442 351 4656 3775 2324 4203 754 3510 2843 1622 2793 4913 4530 4570 35 4430 520 1302 3025 3 4563 2571 288 2806 3218 1192 3592 2825 3237 3977 4111 1726 4422 397 2994 1620 4908 2585 4272 1133 4694 307 4260 1479 2497 4722 84 3448 2902 343 2807 2313 4027 180 90 2178 3530 4374 3870 1972 2384 4019 4746 1284 1098 999 4737 1392 824 679 3018 3617 2710 988 2298 475 1633 1943 1609 4739 1464 1025 440 3184 162 1787 1554 3103 4587 3312 466 4702 4084 4769 1523 1532 3085 2515 2608 4233 3960 4376 1139 1062 3840 1689 1613 829 2147 1500 1031 3015 2281 3709 32 3397 4575 4910 474 2619 3037 1221 242 2073 1899 3403 2420 3491 2182 1998 1758 2261 3802 1525 1421 719 438 790 1482 1174 58 3375 1563 241 2120 2252 3900 1112 3092 3129 86 2846 2845 1634 1176 3519 342 2819 1325 2378 702 4977 4750 604 1599 329 1474 3255 3670 3319 3057 1811 4971 3123 3444 2248 61 2430 3872 139 3175 4456 3971 661 2876 4446 507 1416 3597 2820 2798 832 2663 2139 2746 695 2458 2398 482 3209 2669 2842 4040 280 4727 1847 2480 4905 3596 4824 3193 792 3298 4095 2112 2328 1897 2724 1067 2764 1480 1667 3472 776 4385 500 1553 2454 4556 4654 2097 666 1876 4475 1253 3539 4343 3564 2597 3373 4735 3891 1339 4902 3067 4005 219 4477 600 2333 3133 3779 4342 4136 3361 1088 4036 2857 3637 1921 3436 1913 4558 4178 1217 3571 4420 165 2479 1831 2762 4011 1577 757 2776 2086 4165 3719 3819 2639 1744 334 236 1434 2540 3045 1835 1646 554 4961 795 1132 1281 4992 4896 3949 2283 2635 2528 3044 553 1753 4612 4705 932 3231 841 89 4337 4795 2942 3698 1236 2897 240 5000 2997 3481 870 1738 4 3117 974 383 2388 3565 2181 4427 4980 2141 3294 3063 3770 789 813 944 1145 4521 1996 4682 4366 94 3632 724 4538 2425 4092 1340 2411 3704 991 3626 1258 1894 1725 1376 2423 2731 2357 4531 2916 1650 664 3400 2771 1374 1248 3392 4094 2570 4787 2427 4199 3541 1796 251 4482 4733 3847 3702 4363 4293 2567 4970 633 669 843 409 2959 3743 2271 2894 4133 924 3338 4885 1497 3964 4625 4897 816 2618 619 2107 504 2586 210 13 2780 910 2826 3248 2330 2000 4191 3299 2860 4953 692 4223 4378 1270 3001 486 2837 4109 3320 2482 3513 2392 3132 2125 858 1557 4425 2707 2376 151 1469 2701 4719 1540 4479 108 3937 2216 1750 4504 3749 158 535 4723 3421 4018 1390 2931 3480 4300 4325 2785 1544 1227 1693 2662 4729 4023 2554 2786 3761 2555 4227 2236 4156 2335 2896 1136 4999 4499 2678 1581 1259 3407 4160 3808 1436 429 24 3121 3097 1157 1781 1200 4162 3435 4488 470 4238 1360 4202 1824 2201 4619 3650 3615 132 1579 4637 2961 1828 755 4801 4937 1068 2032 2016 4564 2537 2936 1406 1823 4405 1028 3924 2795 3210 1896 2901 2799 4320 928 1104 1637 1630 3257 2652 1898 3351 1493 4807 672 2689 3502 1999 570 1149 4725 3700 2113 2136 4037 2366 2525 1078 3583 4198 4491 391 4402 871 2993 69 862 4551 4438 4641 497 4775 3249 738 2074 3216 2614 985 274 907 4443 4681 3130 1694 299 1820 1935 953 3482 3953 4671 187 4675 2575 3156 1058 667 1268 1932 4215 3496 624 224 4615 3047 4102 4090 3638 691 800 1033 4132 3461 4508 921 4852 3107 3036 1640 1407 3318 114 4147 1124 3225 4954 611 2426 1756 2675 3076 4998 2204 3610 1272 3167 2436 3923 2241 3534 1886 3241 2723 1875 1974 781 3686 1338 2950 1870 449 1143 3569 1305 3409 4403 2057 4062 4345 3750 18 3925 2094 252 185 3031 2750 479 3020 1291 2002 1928 1559 3317 257 4968 723 3999 4110 2880 425 2134 2743 2855 3907 3345 2559 4836 215 651 3889 4948 382 1917 4020 1780 1405 4869 3178 2231 621 4322 2213 3600 3713 1333 4569 3506 1373 1656 2624 1244 3479 3134 4627 4658 1514 1171 1992 701 1534 545 2563 2264 4214 4547 4024 2284 3604 209 2266 159 920 1841 2456 2801 4925 747 2671 1908 1442 4032 186 2275 4468 1371 4352 4707 1528 2976 4464 2859 814 4891 2250 3477 660 295 825 2629 2280 3751 2533 1196 1185 4050 4083 3183 4415 1246 3543 1205 4472 3738 1745 487 2560 779 3196 598 3830 3915 4728 4273 1623 3379 1113 4413 1311 1289 315 174 3985 1595 506 1295 1510 3408 4713 2868 1614 1991 3088 129 3500 2693 2739 2061 3438 1071 3208 3934 333 4761 103 1022 3841 1770 373 3705 2696 493 700 3278 126 3785 2404 4631 4927 4249 4740 2087 1134 3341 2870 4114 1220 1708 4893 2230 2132 4815 1909 931 3273 2926 2893 2908 3498 823 2828 612 936 119 3074 3809 1059 2768 2459 4776 1146 526 2022 3182 3980 1570 4058 1166 4704 1122 1255 3451 4174 3919 1228 1647 4461 1296 2691 4923 4640 3005 263 4573 675 1652 1732 1736 880 929 3618 3863 725 3467 1396 2154 3542 721 1960 2238 2126 3199 3419 982 4711 1778 2122 1721 144 4716 1169 854 4437 188 4917 837 3212 1108 1103 2587 2616 2303 4710 2370 147 8 1021 3413 2660 2772 1849 1825 1912 2900 3523 1759 4855 460 2056 2129 3115 2831 881 1922 1107 2399 2348 4220 327 2109 1986 4135 4451 1061 3450 3782 588 2865 3127 2342 247 4022 3609 1365 812 3518 4245 4630 2990 3958 71 1344 1093 2817 851 2713 1314 1095 4500 804 1674 3382 3619 4611 2105 1856 3707 3899 791 4555 1884 2791 1155 909 3336 2634 1590 1389 3976 2186 3362 1663 3865 1792 4242 516 3456 2158 4781 2520 128 277 4879 2885 483 2531 313 1830 544 1148 3546 4129 1706 3039 4768 2766 2049 2106 1303 2058 3773 3051 2006 4258 1749 4544 1161 1168 4983 3514 2761 2788 4708 2974 688 2790 4689 2511 1055 1535 1257 1838 2808 2815 1698 2877 1398 2110 1486 4568 4280 935 38 4867 4907 3616 1524 2875 390 1179 1989 4222 3726 1619 2500 167 1901 539 97 618 1115 1924 3268 179 4664 1393 4741 3289 1117 4004 489 4180 1739 2393 2915 2604 1096 3177 227 2490 2294 292 3474 4145 3727 3442 3942 3678 4598 1741 4566 3038 2980 196 3612 4604 1401 1994 340 3861 4674 1388 4628 1953 2683 4373 4246 4381 3308 3219 3465 1070 1038 4441 3389 1261 2325 5 3978 2145 3128 335 269 54 447 1158 4909 1684 4578 2853 336 2794 193 2048 4944 3803 2796 3665 1254 2151 4213 1777 705 138 3470 1958 861 1979 293 2176 418 2708 3464 56 2849 4669 1262 2189 2149 1252 3516 1432 561 146 3445 2100 101 2199 2672 1342 4000 919 177 546 2640 2422 1422 3071 99 1343 386 2089 1695 4033 4348 2331 238 1654 3524 443 1517 3109 2910 962 639 4323 3580 2502 1661 3358 2542 1045 2581 980 2709 2657 3675 3166 4485 891 4076 2613 4748 4962 432 2804 2292 524 3484 4497 1126 1066 3504 895 1679 2612 734 388 2039 3462 2824 19 3322 644 1586 2445 637 518 681 2529 4159 2963 157 4305 883 3019 3404 3075 4800 417 1822 2866 2345 464 4130 3936 3499 4774 3581 1273 2603 1845 1950 3486 636 229 2484 536 662 2939 3238 1128 220 584 261 4632 4148 4317 4467 4166 3762 1226 796 1591 3119 2741 3576 3712 736 408 3796 4660 4810 2361 1598 3099 1437 2206 646 946 4173 1957 1182 4696 1608 4230 4123 3851 4951 3032 2548 1545 4463 3605 3723 4685 2617 3114 3844 3671 2508 4596 3245 130 3176 547 989 3344 3254 4333 2171 3824 599 3116 656 3152 3535 1861 4028 3857 847 2688 2442 3590 1939 4371 2747 1080 3815 4118 1224 1372 3930 4327 2307 2800 4995 831 2033 1550 4061 650 1074 1046 2064 3171 951 4535 403 2577 4120 4662 4269 1556 3991 4264 4009 345 1505 3606 2424 1214 1027 2098 2986 4614 595 2498 4947 1915 3587 2489 4645 1465 4237 3206 4283 3383 3356 33 2226 1988 555 3002 752 3608 4878 2519 3945 4922 3635 1346 4445 4668 4421 2457 4798 4319 2717 2362 785 4263 4235 9 4629 2610 3649 689 3146 1664 1199 629 987 1952 4522 1251 4703 469 3559 4924 4453 3882 4021 4904 4786 3285 4754 4993 1692 3340 253 2320 3874 183 690 3315 4647 1356 1717 836 4288 1184 2223 2895 4791 4572 3570 1043 4928 3077 3267 4390 2296 3112 1975 305 765 3633 3452 4984 1191 1209 3853 3838 2506 4098 2441 3072 1056 137 1785 4624 556 1265 2712 171 357 4399 3621 2095 4299 4329 1121 4077 4747 2235 4137 2867 498 1083 1119 528 2192 2898 3584 1812 2729 481 1082 2018 2582 4103 896 2229 2551 4517 1313 2 2290 1241 3789 3658 2197 2757 4163 4253 1668 2513 3810 1601 1853 1089 3377 1156 4176 1964 2289 648 2738 3648 4234 3080 4875 3979 2138 102 4818 3740 2485 2305 4433 2015 2431 1072 4002 2852 3902 1154 3630 1862 2946 121 3370 2830 3883 2063 904 1560 3527 427 1320 1383 2081 169 197 2767 1481 3078 2344 2607 2193 3653 100 1428 735 1211 4701 3006 3314 4699 1411];

Primitive15:=[3674 4316 4773 2227 3280 748 4128 3893 1079 1506 797 302 3354 2177 1439 4952 4153 3150 2143 2836 4762 4981 267 3398 4753 3296 2027 4306 550 1712 4946 1004 4476 674 93 1240 1206 3602 1930 665 522 2047 2605 670 3113 2374 1231 3759 367 784 1402 3035 1309 3159 3110 1722 1562 2253 276 1274 2589 384 2343 1382 2814 4426 1020 1733 3331 1397 2076 2146 3868 1997 4057 911 4206 4190 1308 1638 1707 4712 610 4347 1163 4697 4394 764 3228 838 2491 4255 356 1195 1810 3494 1324 971 1140 4218 2116 2244 1135 1294 751 1496 4865 3577 1624 1234 3292 2214 150 3744 775 2217 3795 4706 4734 3288 1916 1473 3126 551 4081 4056 3043 4560 2779 410 1538 3656 2067 2968 347 3622 2209 4046 2380 3008 4494 3858 4636 1288 4196 3277 2611 4832 4071 3692 3941 4691 1542 1765 3261 983 4239 1665 668 1735 1042 1463 1507 2889 900 4164 3083 3741 2874 4670 4820 3625 4439 2822 1198 774 2966 729 3154 411 3455 3989 1304 1791 857 811 2719 1286 4432 3070 2727 1377 696 1829 575 3922 309 4099 1350 4428 4054 4066 998 4849 3522 4010 3325 4462 2164 4248 842 4860 1460 815 712 3014 966 2978 3079 3303 1476 4808 4518 3848 3429 4358 4806 534 1008 2133 3832 379 1588 4256 1816 3387 794 4185 237 717 2203 3531 1865 2367 605 344 378 4838 434 1671 3226 4049 4231 436 1610 3521 835 47 2417 3826 3256 1641 283 3968 2665 4533 1386 3753 3307 1926 4070 2538 2884 3415 3272 4919 4825 3769 2999 893 2351 4383 3346 3233 2316 120 3982 2864 3771 1017 683 2905 2416 3974 2003 685 3627 4835 3888 3258 1423 3747 808 3836 3252 2183 3591 833 266 2108 3093 2293 3835 716 1233 2255 810 678 1165 2758 2702 3776 2680 3425 676 281 1190 594 3908 3022 2202 4104 934 1701 2673 4043 1007 2474 2782 2499 4755 2839 273 4616 4683 1882 1807 4412 4956 4055 1655 3717 2481 2083 3553 40 2630 2379 3944 4041 684 1933 1564 431 1457 1029 1075 2521 2010 260 2773 4554 3913 3593 4958 2985 1378 2242 4514 2918 4379 1106 485 232 178 4029 2595 1312 3628 290 2152 3439 422 366 922 773 2770 1983 3468 4868 2233 2024 849 1678 2368 353 4324 4447 4470 1840 4523 4496 2096 1180 2394 2682 864 1762 508 4192 4653 763 2259 4219 4440 2260 3416 4217 1755 2923 4541 4814 296 1446 1395 190 1771 602 2957 67 940 687 2258 969 1511 3056 888 2161 4091 3321 2156 4700 1772 663 4189 1863 3422 4382 30 3931 4294 62 2319 4429 2165 1611 830 2268 76 3384 4030 1335 3301 2166 927 571 2285 2921 3601 2162 3260 402 1385 3598 3764 291 2365 66 1435 583 1585 3131 1720 713 866 3012 1114 4542 426 1516 122 3657 1962 3711 2715 2781 254 4652 898 2008 59 4552 2317 1266 4471 2310 3234 393 249 4008 1002 3918 2704 549 4460 1085 2315 3538 4089 3595 3798 2733 4677 4334 199 3489 3691 3173 3895 2493 4228 1204 1685 3386 218 4709 48 1355 1711 941 3793 2524 4063 943 2928 3728 1934 3822 4161 4134 4996 4546 608 2052 1604 3143 164 4271 4359 4287 499 994 2925 3757 3062 2735 1219 3433 733 1490 4782 4117 4635 3511 2311 3710 316 1142 2205 3054 4141 1444 1127 4236 4304 262 3661 889 596 3735 4268 3766 3168 1605 822 3366 1318 4466 4975 2835 172 1681 601 1316 4384 1001 4997 3342 3932 1455 2929 3305 1323 1920 2460 4842 2099 1883 4845 3869 2093 4987 3927 1834 1387 3599 4157 3339 3141 4204 3955 4916 1194 2462 3279 414 389 3981 1451 1417 3866 1851 1766 3996 3215 4777 154 4589 2718 2832 2827 4481 82 2541 3926 2332 3170 4112 4778 4862 1531 806 2647 1441 3892 1170 2140 897 2972 976 1900 1475 1809 3262 3856 4686 4365 4742 743 4651 4361 3246 2306 4053 1425 569 3420 1714 4404 1488 3666 3685 225 4078 4960 984 4809 2919 1334 2167 2648 1910 3906 1713 1872 848 3714 4666 1967 80 339 396 2101 4338 937 1495 1639 4692 52 4534 2069 4232 3180 1802 2590 745 4545 2309 3807 3806 981 4012 4310 1277 4398 2891 2200 182 3904 2477 2811 1101 3179 4489 4940 1 1237 2334 168 2549 1699 3965 4871 521 3412 1452 2009 1026 1013 4920 2175 4901 846 3089 1034 1632 3236 3030 1235 3483 297 3966 567 4988 2017 886 4285 3365 652 3333 876 2636 2711 3811 4434 3928 1949 2863 2353 1138 2013 3102 4435 4796 4846 4265 4567 2568 4853 380 2144 68 87 2566 3938 4101 1084 4097 1628 3153 3551 1462 1456 2256 3441 4492 2998 2960 3013 1859 1276 914 4620 4509 818 1099 603 2949 1081 2396 708 2444 4313 3463 3374 4886 352 1467 737 3095 2455 615 2173 4550 3818 1468 3972 1430 2809 140 3774 1615 2390 707 1094 2584 3151 2862 1238 559 4525 325 4501 2322 4888 582 959 1555 4936 4848 996 4068 4449 975 64 455 4526 2744 1003 2385 468 1216 548 2443 2749 758 1594 4833 1782 3090 3737 346 4816 986 4582 4131 3920 3623 1293 4105 3497 2218 4914 3992 4823 3969 2813 2879 1513 2360 2841 3293 2439 638 2434 4527 3673 1937 1054 452 1147 2184 766 1256 1202 2888 3347 2372 3781 659 2187 1053 782 463 742 11 4673 2071 1091 26 1874 2172 2927 4309 727 3471 4146 1797 361 3205 4326 45 4837 515 1086 643 2907 778 37 2642 2522 4486 1144 3508 1412 4974 2661 156 887 780 289 657 4001 4169 4416 3823 502 123 1769 4590 3800 3690 4276 3493 1186 2358 312 865 1472 933 3186 890 2117 2413 2409 4856 494 3457 1833 1864 1627 1501 4436 2759 4873 1298 319 770 2042 2760 3007 2191 2272 3877 2102 1981 2160 3253 4593 2899 1381 1152 2666 1047 3887 2045 965 2637 1946 2210 2448 152 256 3239 2356 3059 3568 3880 3611 1243 2034 641 2059 3983 2933 2632 2349 704 27 2287 1445 413 2628 1014 2847 1299 1218 997 4424 1131 1498 694 2984 532 4335 827 3725 552 2483 4296 901 1283 1006 4149 918 2650 821 2501 1424 4096 4794 4048 4257 4229 4454 682 1549 4721 632 1341 654 767 1400 4207 3391 428 385 370 374 1369 4934 2383 2066 2207 2545 3263 124 2115 2208 993 2638 3905 1448 869 793 2645 718 39 4308 3111 1878 4759 1710 320 4609 1597 2300 2643 1162 3334 1677 3852 1773 2312 3667 1447 4877 2124 3614 3503 4883 2734 509 4397 2783 3165 1543 1642 1326 1141 2737 3327 3572 34 2465 3281 4720 1282 1704 4330 1329 2012 2979 2641 2728 2881 2973 2878 1526 301 1806 4016 1536 279 490 2082 2433 820 4583 4457 1587 3651 271 4212 4972 3973 3360 4119 204 538 4985 1384 3443 1682 952 1508 2517 1821 1747 4013 2321 211 476 671 3010 3640 4093 4574 2308 879 3636 2754 286 3265 2470 3332 3801 3929 4478 21 3878 3096 4679 3378 1995 4369 3244 3805 2364 3829 4487 1069 359 4667 4503 1730 1891 4226 2938 1880 2856 523 1855 1039 2892 3172 572 3585 3555 2558 4193 3975 184 3430 195 1427 3660 360 3058 972 2028 577 1938 2564 4158 3624 1565 3745 3028 1944 3911 4513 4241 1110 3034 3566 512 318 350 2922 4561 2338 3688 4341 2025 2079 3827 22 4898 977 2523 2858 4811 4967 1854 3896 3211 4194 3311 1914 2070 4346 4770 457 1332 4025 3394 649 4899 2446 3052 2254 2569 2103 4480 3520 4168 647 872 1263 938 2068 2452 2414 3040 2912 2644 213 4602 2288 3588 4060 1123 3138 255 1844 3783 1801 2556 3695 221 3694 653 963 4395 4519 1776 4939 226 4354 3423 4244 686 859 1487 107 4448 3401 354 4986 4318 136 3009 70 1686 3449 1751 1379 1076 2784 2397 2956 4643 1527 3269 3230 3843 2873 3453 1879 1873 3734 81 2774 98 3742 4297 693 2812 2552 2026 1352 3203 1558 2408 4657 326 1321 970 4121 3469 1280 4969 3160 542 2150 1814 2137 2291 2224 268 3162 4539 141 1575 4418 2449 4490 4726 3642 4224 1005 2833 905 2257 4757 4884 3842 2769 2044 4693 3343 2355 3003 4976 3746 990 2402 2078 4423 4638 166 2389 1596 2194 3817 2932 1504 439 4017 284 4661 2386 4154 783 2848 2487 2373 2578 1348 454 2085 925 1092 1548 95 3507 4252 4585 2234 620 1315 4613 3410 1522 3195 4014 381 371 4650 4797 2415 4127 1788 1819 1748 1519 968 1403 1805 3297 4216 4262 2347 134 1621 3561 191 2736 3916 4261 589 4887 3777 4419 4935 3647 3087 1167 3242 581 1984 4929 609 839 3295 3157 655 404 3703 4251 1363 819 1893 1848 4080 845 2982 1971 4473 3042 109 3286 3023 1740 2041 873 1832 105 4880 519 786 2269 964 3098 2432 4784 3144 4458 1803 627 3548 3767 1794 2211 74 4247 3693 3544 4003 503 4731 863 467 2326 3282 1245 3645 3575 1529 243 2527 4963 3011 4603 760 2295 4717 1798 1173 4396 3821 4850 2970 1961 3951 2391 1903 2111 2277 3730 537 4113 4771 1063 407 4591 1589 3956 3845 1359 4736 3898 3921 510 1090 2503 394 4520 3794 3161 3701 3765 4152 875 4086 2674 3276 1551 4834 116 4943 3567 3912 2249 3310 1580 3368 2467 4116 14 2273 2948 2631 855 3232 4854 3903 2062 3901 1764 564 3122 1582 1603 1491 1230 3724 2429 244 3754 3643 1889 517 4779 1011 4339 1969 4410 2951 2359 1942 423 233 2869 3349 574 961 762 1572 1724 424 1317 2286 2965 4143 1911 4595 282 3247 4506 1111 4240 3629 49 2692 1645 2646 4826 3659 1188 304 3715 626 2329 710 3886 1734 2021 377 1269 1566 1761 2594 3854 3963 4184 1700 57 2698 3962 2553 4495 330 2336 1955 1959 759 4039 405 3834 3200 2969 217 4073 1249 2478 127 444 2220 2745 3791 4067 1892 44 3142 437 4621 4205 3594 365 1210 4847 2668 321 2818 1087 3149 445 2989 2576 3197 1438 1649 658 2301 2212 1222 2251 433 4279 2751 4144 4075 3363 4827 1719 341 2435 285 264 4411 1037 4941 750 399 3287 3091 1420 4069 4881 349 3309 703 2405 4724 4170 1571 2664 3603 63 1956 1159 3772 1731 1489 1546 4828 4088 4859 161 3393 592 3557 2988 4792 1718 4955 3736 1297 2609 3797 4548 201 2472 957 801 3364 1799 3532 53 12 235 513 4532 4209 1648 4688 3313 3825 2752 2468 2473 1357 1887 3357 635 3125 617 4328 2245 3967 4599 3073 4617 3950 1137 4200 2596 2387 3884 3533 265 3917 4126 2720 355 1000 2035 4349 3528 368 308 1208 2036 1347 3174 3476 203 4536 2792 4250 4715 4368 2127 788 2935 3101 415 104 2920 1345 3106 4633 4275 2104 3202 1410 1662 960 4772];

