Primitive1:=[1202 1856 740 114 816 1624 594 1147 1375 1174 942 584 1995 1455 469 579 1925 195 103 1910 974 370 1320 1795 412 1675 1302 1540 835 1070 1182 1500 476 1350 1161 699 1978 1050 283 1025 191 627 1873 1924 1128 1298 429 871 222 1299 755 904 403 1639 815 763 850 1779 1306 1478 637 1198 1125 568 948 811 69 1672 1054 555 335 203 1427 542 1918 458 1047 750 1801 827 672 448 332 1582 1100 993 365 466 804 1692 1120 1618 1482 1897 628 19 917 923 417 946 331 1649 359 1655 1449 1953 313 8 1948 194 813 673 153 63 1382 1038 1577 1506 762 580 513 1464 18 1569 798 1734 1992 1599 162 71 785 1181 1242 135 53 1045 1967 1290 1353 1378 1630 647 440 1197 1380 1559 764 1124 1520 1735 1144 1602 1758 487 524 1839 865 286 768 1706 1613 797 43 204 1996 1952 825 1644 1300 642 516 514 668 1731 1311 1402 249 646 209 648 1471 1377];

Primitive2:=[760 985 1715 1166 319 509 1976 862 1053 154 1658 1923 1878 534 1637 759 984 544 685 1432 1428 636 173 1040 212 1541 1416 1280 711 1159 1841 895 739 800 783 1683 1184 657 721 1359 1000 1876 408 1335 1248 1190 1757 1914 962 36 74 1037 666 1726 1827 1345 1867 265 50 912 369 1847 34 431 1093 1647 667 1370 1220 725 73 451 1800 1084 955 1352 1799 1747 653 132 411 1046 1456 1745 613 1348 1156 846 838 246 341 1893 255 832 1729 1805 446 1650 1465 1573 113 197 1396 674 982 260 875 1337 81 867 1010 665 118 822 1288 1362 234 1710 1136 488 287 1737 975 894 1417 477 237 1286 511 1085 414 80 1944 51 578 1112 1515 1393 1021 1425 1213 560 224 143 1713 1796 1979 552 1365 1885 1366 479 1226 583 464 1724 1696 45 150 679 1363 1059 385 1153 1468 1636 1820 1793 1699 276 200 1826 1148 1536 70 753 112 1413 1327 1130 1493 787 185 1104];

Primitive3:=[942 584 1995 1455 469 579 371 88 1522 902 1964 1695 1749 1072 1517 1752 338 279 418 1118 1581 582 425 1172 889 1497 416 422 635 1963 1346 1960 1957 322 111 107 537 499 527 1349 1982 2 830 1869 345 1250 1549 1598 1042 944 1824 886 977 1955 520 272 913 752 1030 1911 1227 543 363 756 1285 660 1504 693 457 232 1358 92 404 779 987 1254 1882 1398 393 553 1412 223 407 925 1566 517 716 565 33 906 936 508 845 1901 1241 1670 1617 1697 1405 373 1101 675 510 1218 723 378 744 1267 1942 1369 1249 1088 1234 1542 257 1247 252 1419 308 1657 1619 56 1714 269 965 421 988 1622];

Primitive4:=[1202 740 114 816 1624 594 1147 1053 154 1658 1923 1878 659 1807 834 1727 1974 350 1854 1191 433 593 189 155 186 557 220 1771 1003 1859 1024 661 1674 1238 707 1633 979 526 1229 705 1503 1164 1131 1035 839 903 1562 1984 1012 1680 262 1552 1052 1309 42 177 347 899 663 1488 792 1429 298 1951 1216 1525 1919 732 934 1246 470 171 861 1722 1980 1848 295 399 866 644 1896 596 1133 592 933 824 300 1981 859 1929 1489 1913 1394 1287 1173 1950 1436 605 98 1760 1152 774 348 165 1783 318 1451 1452 958 1872 1802 445 1011 1401 997 1790 618 306 1127 1892 1477 1145 703 709 305 1341 1251 512 877 93 1941 201 141 968 1814 767 1340 221 1770 231 415 1132 65 547 124 1149 670 695 256 163 498 1007 1774 229 75 715 1026 1422 821 1612 384 1212 263 119 742 1033 1110 110 746 1274 1126 981 1395 1200 1750 35 245 117 638 900 1640 624 473 1434 77 302 210 340 146 1664 795 406 1623 1973 1940 633 656 572 1548 1754 1388 897 1831 1870 967 366 1155 78 1426 1681 690 1344 158 714 405 1920 1527 1123 1915 1708 748 1902 562 463 1315 179 304 652 402 351 950 545 619 277 198 1883 1895 893 794 686 21 1201 546 1881 289 1224 664 26 1256 1631 697 1013 125 518 1861 727 505 199 1318 1574 1150 1078 536 823 1064 590 1828 1787 1323 1245 790 1900 1643 1 1324 1983 734 14 242 410 367 346 1091 844 1032 1039 833 66 1512 428 1470 1291 747 678 914 456 548 1891 1746 651 1223 1782 413 1570 733 1587 460 1235 1260 1844 55 1991 952 896 1498 901 1423 497 233 1103 1160 398 1364 1041 292 1959 607 1780 1421 1034 1694 773 1448 608 1347 419 1784 1259 1188 986 1217 1240 52 1491 1137 757 1381 3 1730 1351 392 880 1857 368 784 152 600 1732 1445 301 1614 736 702 826 1501 1594 837 1945 519 1766 1222 1903 290 720 1742 1036 1199 1043 187 563 1773 38 766 1211 374 1767 1700 1788 765 504 1966 1838 254 1537 854 133 1792 12 140 649 1768 97 754 503 1851 311 62 1943 455 1586 1989 680 1576 598 211 812 1177 1303 606 626 241 1511 780 863 1529 551 40 1852 549 1684 860 243 1383 1667 491 989 156 1261 522 95 321 908 622 1076 1690 591 1850 502 376 362 7 1443 564 994 814 315 1523 1632];

Primitive5:=[1928 760 985 1715 1166 319 509 1214 521 148 1410 207 4 807 1811 1051 83 1877 1663 355 1510 13 525 1183 268 130 217 1629 1420 924 1554 1379 858 168 1866 215 655 1069 1044 1832 1616 1293 1080 1686 1279 126 1922 614 1693 1916 1588 219 1121 1557 1253 602 817 949 1712 1615 996 1186 358 1264 671 1312 1480 1679 380 72 449 1625 1089 1466 273 1687 343 751 1472 597 1108 430 983 1777 907 634 1407 1143 1357 819 1627 870 1937 1142 712 1817 471 1514 1816 1008 316 1546 1017 1707 264 801 1775 556 1002 127 47 1564 188 1151 1907];

Primitive6:=[1856 371 88 659 1807 834 1727 1974 350 1854 1191 148 554 1308 1740 611 1825 684 1676 493 941 1846 228 879 1532 96 1111 259 1001 1355 1170 1645 1691 507 432 741 698 480 905 1016 926 995 1921 1194 1167 1565 1931 818 161 890 329 1864 523 831 1062 956 1535 312 576 483 892 1509 778 208 105 1178 1106 1018 1711 59 282 1666 22 271 1743 434 1158 621 1677 1138 1163 1821 41 325 1798 1518 1704 145 484 1987 1806 1083 1221 612 704 291 474 1528 961 1702 939 39 1386 629 538 409 1469 1748 261 334 450 771 1325 1484 1965 836 253 266 1476 1755 1956 1270 1810 1880 1835 769 1656 533 1146 485 30 214 1086 964 1908 205 688 1568 1927 1539 226 1590 379 1837 683 23 490 1589 180 1392 138 314 595 1272 1519 743 643 692 1266 258 1116 1265 364 616 1661 48 15];

Primitive7:=[1202 1928 1375 1174 1976 862 1522 902 433 593 189 1214 521 1605 1028 386 803 1579 1481 788 238 1716 1450 1437 959 1372 1968 728 1187 1180 342 541 1446 1930 270 10 1435 898 61 461 1414 1102 89 1526 1225 617 842 1560 1068 1662 726 682 971 1765 1096 24 570 401 1531 1339 1263 323 330 381 1019 1206 1865 1669 128 654 615 1720 1717 170 1769 1513 1543 1169 1157 1558 1855 1077 677 32 802 60 1409 134 142 872 1653 992 1098 1988 1490 1879 1095 1107 729 2000 1461 1485 805 353 1029 1066 1129 144 1005 567 1473 1571 772 1604 717 1975 581 770 1301 991 1171 706 868 1505 294 587 1219 372 1403 57 569 1550 864 781 1015 1772 389 1781 960 87 1709 1933 1135 696 116 1463 1283 1887 11 973 467 244 918 1999 1277 324 16 1972 1438 1803 147 5 639 1888 1751 1063 46 1006 1668 120 100 99 452 820 1313 1932 481 687 1725 1889 1689 1326 1244];

Primitive8:=[1928 1964 1695 1749 1072 1517 1752 338 279 418 1118 1410 207 4 807 1811 1051 83 1877 1663 355 554 1308 1740 611 1605 1028 386 803 1579 1481 788 238 1716 29 1317 1319 166 1946 1114 454 423 1534 1682 1904 495 1578 1545 501 782 17 1949 928 1390 645 623 1447 9 20 1397 1990 885 169 383 588 1628 777 806 251 1418 1592 1849 710 915 849 1741 1139 631 164 575 1408 1829 1329 1753 1947 1330 1789 559 1671 438 810 267 1499 883 136 1087 175 1056 1122 27 852 1305 884 1061 1785 853 192 1373 1641 1728 1521 1273 1215 970 317 1097 857 91 202 1600 999 953 574 178 809 122 492 1354 1584 873 1368 435 1939 1853 1400 1544 102 227 1385 336 225 540 681 1109 1776 730 758 1648 701 1998 182 1874 1917 174 1479 876 439 293 604 1977 1209 235 6 1665 1239 910 443 843 1258 1858 1334 531 920 494 929 1082 1119 940 482 465 603 1269 1698 1524 855 218 1591 390 349 1168 489 1134 1585 1926 718 333 1739 1389 82 278 1079 911 1430 869 25 1141 1411 1092 395 1823 1840 840 947 1646 1863 1252 1611 1404 1243 1189 106 1255 1705 1281 1208 1328 535 586 1065 1099 919 307 394 1797 1207 921 1294 1442 1371 1502 375 881 1105 713 1193 1486 1361 888 151 1738 1508 213 1898 1314 391 1723 530 1342 724 737 183 951 1057 230 738 436 149 1494 887 172 828 1685 1210 121 159 1635 139 969 577 1620 1009 1060 1236 299 847 1282 274 1994 658 184 1718 700 1360 337 793 1761 1276 786 1516 506 662 1074 1703 1204 731 327 303 462 1022 1970 1906 878 1593 1886 789 954 1652 1071 528 1321 676 589 1441 1055 571 796 539 1431 931 1607 1205 1459 354 1763 1406 1165 610 856 1575 310 1444 1440 356 1815 181 937 1603 1439 1561 963 1487 1819 176 1292 101 1642 808 240 236 1117 691 1304 1733 1833 109 486 909 285 309 108 85 397 1638 1237 669 1232 1530 791 1659 1862 722 1791 1492 841 1049 167 566 328 239 137 1634 344 1762 1567 1778 1597 500 874 1275 1496 1453 79 599 1284 1023 1454 1935 1462 550 297 1031 1474 400 447 601 1813 1938 129 1384 990 1626 1834 1483 1399 1596 529 1804 1387 1744 1905 1651 1458 1809 1875 1233 54 585 515 1333 966 1115 1610 573 1961 625 459 326 453 296 31 640 382 1367 1756 882 1830 396 1621 352 68 441 1764 86 1176 1296 1433 44 387 761 424 1969 1322 478 284 357 1812 84 1090 609 632 28 1909 1808 361 558 1660 972 1027 49 1860 160 1140 1688 377 104 927 1475 1185 1356 1014 998 288 776 90 190 1467 916 1551 1228 1736 943 1424 1175 1195 58 437 196 1912 1310 1794 1971 980 708 426 1958 1004 67 1842 76 1336 216 1843 339 1884 1654 978 1583 275 388 1553 1608 1547 1278 689 281 1555 1231 1871 1067 1271 248 694 1985 650 532 1316 250 1936 1338 799 1415 131 442 775 1993 1297 1391 935 1075 444 115 1609 1868 420 1203 280 64 1020 630 1457 1331 1894 749 1230 360 976 123 157 1507 735 1701 641 1094 1818 1719 1196 1606 1822 1678 1154 94 1048 1934 851 848 1262 745 1890 1563 1295 1601 1374 1580 932 1556 1595 1954 1997 938 1073 620 37 1162 1289 1986 945 1257 1113 922 1081 427 1460 496 561 1786 1307 829 468 1845 206 1179 1332 1899 719 1962 1673 1538 1836 1376 891 472 193 475 957 1058 930 1759 1721 1192 1268 1495 247 1533 1343 320 1572];

