Primitive1 :=[Plane, [0 -1 0 -6]];

Primitive2 :=[Plane, [0 -1 0 -0]];

Primitive3 :=[Cylinder, [1 0 1 0 0 0 0 -0 -0 -121]];

Primitive4 :=[Cylinder, [1 0 1 0 0 0 0 -0 -0 -90.25]];

Primitive5:=[Torus, [9.98594573397693e-05 -2.78641525485988e-17 -4.80301462103081e-18 -3.17457222449976e-17 0.000199718914679118 -1.73660229880743e-17 0.00039943782935786 0.00019971891467954 -1.50090163126136e-17 -0.0199718914679546 -2.39267549174167e-15 -5.01715177591195e-16 -5.95099641716995e-15 1.58203040486719e-17 -9.54113384694677e-16 -2.11148291509566e-15 -2.66358925677461e-18 2.39510022798684e-17 1.32081851303164e-16 1.39545736415383e-15 9.98594573063183e-05 -8.77185930512238e-16 0.00039943782916904 0.000199718914679264 -1.73958647685562e-15 0.0203713292970129 -2.73212608500418e-18 0.00039943782935816 2.67437119876245e-16 0.039943782935823 9.98594573397717e-05 9.84233105163571e-18 -0.0199718914679548 -3.97128013094429e-17 0.998594573397746]];

Primitive6:=[Torus, [6.41843363614652e-05 -1.70378046527208e-17 -4.76274029387669e-18 -6.41202942719432e-17 0.000128368672722921 -6.89268972209963e-18 0.00128368672722899 0.000128368672722929 -3.04355306388188e-17 -0.00975601912694379 -1.197545788999e-16 9.39570010399452e-19 -1.5610852925444e-15 -1.71280860899504e-17 -5.02211796032982e-17 -4.71356199019003e-15 -2.2972732476045e-18 -1.2757282858014e-17 7.96650538508778e-17 -3.15134681298222e-15 6.41843363617754e-05 -5.10633934292235e-18 0.00128368672723391 0.000128368672722963 -1.34385006236626e-16 0.0223361490538091 1.67098645425746e-18 0.00128368672722942 -6.26041000890043e-16 0.159177154176457 6.41843363614638e-05 1.31242790886084e-17 -0.00975601912694255 -9.11421644896327e-16 0.98689835589388]];

