Primitive1:[77    81    83    85    86    95   178   236   239   246   257   264   290   314   341   518   531   543   550   557   594   633   635   643   660   759   859   874   903   959   978  1000  1052  1055  1068  1076  1102  1114  1119  1136  1163  1184  1210  1244  1246  1276  1305  1307  1328  1410  1423  1468  1479  1492  1519  1542  1547  1553  1555  1612  1627  1632  1754  1768  1771  1783  1797  1804  1809  1866  1867  1884  1891  1910  1957  1971  1975  1992  2054  2061  2166  2172  2202  2218  2266  2279  2329  2333  2366  2368  2388  2393  2439  2468];

Primitive2:[6    15    16    17    22    23    30    31    34    40    42    43    44    51    52    53    59    60    62    78    94    96   100   103   107   113   120   128   132   144   146   149   151   162   167   168   169   172   173   176   177   192   195   198   201   206   210   211   220   223   226   232   238   240   242   244   247   249   252   256   261   263   265   267   273   281   284   286   287   293   296   297   299   306   310   333   336   342   344   347   349   350   356   372   373   376   380   387   388   390   393   394   396   398   400   401   403   405   422   423   424   430   440   447   450   454   459   462   466   477   481   483   484   493   498   505   509   520   522   533   537   538   540   546   548   560   562   563   565   573   579   581   582   584   588   591   595   596   601   604   605   606   608   610   621   625   627   628   631   637   640   641   642   644   645   650   654   658   669   672   685   686   687   692   694   716   719   723   730   737   738   741   745   749   751   756   758   764   768   770   776   785   795   797   801   804   811   814   816   817   820   826   827   837   838   841   850   851   854   863   866   886   890   895   897   898   901   911   913   921   923   925   934   937   940   942   952   956   961   964   971   984   985   986   998  1001  1002  1005  1008  1012  1013  1020  1022  1028  1034  1036  1046  1056  1060  1063  1070  1075  1077  1079  1080  1083  1084  1095  1103  1118  1124  1127  1129  1139  1145  1152  1154  1155  1158  1159  1160  1173  1179  1183  1188  1191  1195  1208  1209  1219  1225  1231  1248  1257  1261  1263  1275  1278  1290  1292  1294  1295  1298  1306  1309  1313  1316  1319  1323  1325  1335  1336  1340  1342  1345  1346  1347  1365  1366  1367  1378  1393  1396  1403  1406  1409  1415  1416  1418  1422  1436  1441  1446  1454  1457  1481  1486  1493  1496  1497  1504  1512  1513  1520  1522  1524  1529  1532  1534  1557  1559  1561  1567  1574  1575  1577  1579  1583  1590  1594  1599  1600  1604  1617  1629  1633  1634  1637  1643  1647  1648  1650  1652  1656  1657  1663  1671  1672  1676  1677  1678  1685  1687  1692  1697  1698  1700  1701  1709  1714  1719  1723  1726  1732  1733  1734  1735  1737  1740  1744  1750  1751  1752  1764  1772  1774  1776  1782  1787  1788  1790  1805  1806  1807  1829  1833  1837  1841  1847  1872  1878  1886  1887  1888  1889  1894  1896  1898  1902  1918  1930  1933  1935  1939  1942  1947  1948  1949  1950  1952  1960  1962  1963  1965  1970  1978  1981  1982  1987  1994  1995  2007  2013  2018  2019  2020  2022  2029  2036  2043  2047  2051  2062  2063  2066  2069  2070  2072  2077  2080  2081  2086  2090  2092  2095  2100  2104  2109  2110  2119  2123  2126  2128  2136  2148  2149  2151  2158  2159  2162  2164  2165  2170  2173  2178  2190  2196  2199  2200  2208  2213  2215  2220  2227  2228  2230  2231  2237  2238  2249  2253  2258  2260  2262  2265  2267  2269  2270  2283  2294  2295  2296  2299  2303  2311  2331  2336  2337  2338  2340  2349  2350  2352  2374  2385  2390  2392  2394  2396  2400  2403  2405  2409  2410  2411  2418  2420  2421  2429  2431  2445  2448  2449  2450  2451  2452  2453  2460  2461  2463  2467  2473  2484  2488  2498  2499];

Primitive3:[3     9    19    25    48    65    67    97   104   106   131   141   147   157   165   183   186   197   199   207   213   219   228   231   233   269   279   295   305   307   319   332   340   358   375   378   379   384   386   404   406   409   413   436   452   460   463   476   482   490   492   497   500   508   517   577   622   629   634   646   663   664   668   691   703   704   715   717   753   755   783   802   818   819   828   829   831   846   855   867   876   893   902   904   917   933   938   941   960   973   974   982  1003  1015  1018  1030  1031  1037  1048  1058  1062  1073  1081  1086  1087  1093  1104  1120  1133  1135  1166  1167  1174  1176  1181  1217  1224  1240  1249  1252  1273  1280  1281  1296  1312  1327  1352  1369  1371  1380  1424  1427  1432  1440  1445  1447  1452  1459  1461  1465  1467  1489  1508  1511  1515  1562  1585  1588  1597  1608  1616  1626  1649  1654  1679  1680  1686  1710  1711  1722  1738  1741  1742  1747  1748  1755  1778  1794  1795  1801  1808  1820  1830  1851  1876  1912  1922  1923  1924  1929  1941  1955  1974  1979  2030  2034  2035  2048  2089  2096  2113  2121  2125  2143  2154  2163  2189  2195  2197  2204  2214  2222  2226  2233  2246  2250  2259  2261  2268  2274  2276  2301  2314  2327  2341  2353  2356  2361  2363  2373  2397  2398  2407  2416  2432  2438  2443  2447  2464  2478];

Primitive4:[98   135   143   154   166   221   237   300   320   479   525   559   647   707   800   868   870   926   954   968  1004  1201  1204  1223  1232  1247  1262  1266  1267  1404  1444  1449  1472  1531  1589  1607  1640  1666  1690  1758  1759  1780  1863  1984  1997  2055  2160  2181  2188  2372  2417  2458];

Primitive5:[26   179   202   258   322   334   362   367   414   506   587   600   607   731   777   792   993  1109  1123  1153  1190  1235  1525  1662  1835  1926  1937  2002  2031  2065  2305  2310  2318  2424  2489  2490];

Primitive6:[32    56    71    73   114   138   208   302   328   355   365   395   461   464   470   496   516   534   553   564   602   611   630   720   728   747   774   803   887   924   932   944   975   992  1206  1226  1236  1322  1326  1405  1586  1704  1706  1729  1760  1816  1843  1854  1871  1875  1958  1983  2012  2014  2025  2073  2287  2319  2426  2440];

Primitive7:[1     4     5    13    14    18    20    27    29    37    38    41    45    46    47    49    50    55    57    58    61    63    64    66    68    69    72    74    75    79    87    88    90    91    92    99   102   105   108   112   116   119   121   122   123   124   125   126   127   130   133   134   136   139   140   142   145   148   150   152   153   156   158   159   160   161   164   171   175   180   181   184   185   190   191   194   196   200   203   204   205   209   212   214   215   216   217   218   225   227   229   230   234   235   241   243   245   248   251   253   260   262   270   271   272   274   276   277   278   282   283   285   288   291   292   298   301   303   304   308   309   311   312   313   317   318   321   323   325   327   330   335   338   339   345   346   348   351   354   357   361   363   364   366   369   370   371   377   381   383   385   389   392   397   399   402   407   408   410   411   412   415   417   420   421   426   427   428   431   432   434   435   438   439   441   442   444   448   449   456   468   471   472   474   478   485   486   487   488   489   495   501   502   503   504   507   510   511   512   513   514   515   519   521   523   524   526   528   530   532   535   536   539   542   544   547   549   551   552   554   555   556   561   566   567   568   569   570   571   572   574   575   576   578   580   585   586   589   592   597   598   603   609   613   615   616   617   618   619   620   623   626   636   638   639   651   653   657   659   662   665   666   667   670   671   674   676   677   678   679   680   682   683   684   688   690   695   697   698   701   702   705   706   708   711   712   718   721   722   724   726   729   732   736   739   740   742   743   744   746   750   754   757   760   761   762   765   766   767   769   773   775   778   780   781   782   784   786   787   788   789   791   794   796   798   799   805   806   807   809   815   821   823   824   830   832   833   834   835   836   839   840   843   844   847   849   852   856   857   858   862   865   869   872   873   878   882   883   884   888   891   896   899   900   905   906   907   908   909   910   912   915   916   918   919   920   922   928   929   930   935   936   945   948   951   955   958   962   963   966   967   970   972   977   980   981   983   988   989   990   996   997   999  1007  1009  1010  1011  1014  1016  1017  1021  1023  1025  1026  1027  1032  1039  1041  1042  1043  1044  1047  1049  1051  1054  1057  1061  1065  1066  1067  1069  1071  1078  1082  1085  1089  1091  1096  1097  1098  1100  1101  1105  1106  1107  1108  1110  1112  1113  1115  1116  1117  1121  1122  1125  1128  1130  1131  1137  1138  1140  1141  1142  1143  1144  1147  1148  1149  1150  1151  1157  1162  1164  1165  1168  1169  1170  1171  1172  1177  1178  1180  1182  1185  1187  1189  1192  1193  1196  1198  1200  1202  1203  1205  1207  1212  1213  1214  1215  1216  1220  1221  1222  1227  1228  1229  1230  1233  1237  1239  1241  1242  1243  1245  1250  1254  1255  1256  1260  1268  1270  1271  1272  1274  1277  1279  1282  1283  1284  1285  1287  1289  1291  1293  1297  1299  1301  1304  1308  1310  1314  1317  1318  1320  1330  1332  1333  1334  1338  1344  1348  1349  1350  1351  1353  1354  1355  1356  1357  1358  1360  1361  1362  1363  1364  1368  1372  1374  1381  1382  1384  1385  1386  1387  1388  1389  1390  1392  1394  1395  1397  1398  1399  1400  1401  1407  1408  1411  1412  1413  1414  1417  1420  1421  1425  1426  1428  1429  1430  1431  1434  1435  1437  1438  1442  1448  1453  1455  1456  1458  1460  1462  1463  1464  1471  1473  1474  1475  1476  1477  1478  1480  1482  1483  1485  1487  1488  1490  1491  1494  1495  1498  1499  1500  1501  1502  1503  1505  1506  1507  1510  1514  1516  1517  1518  1521  1523  1528  1530  1533  1535  1536  1538  1539  1540  1541  1543  1544  1545  1546  1548  1551  1552  1558  1560  1563  1564  1565  1566  1568  1569  1572  1573  1578  1580  1582  1592  1595  1596  1598  1601  1603  1605  1606  1615  1618  1619  1620  1622  1623  1624  1628  1630  1631  1635  1636  1638  1639  1642  1644  1645  1646  1651  1653  1658  1660  1661  1664  1665  1667  1668  1670  1673  1674  1675  1681  1682  1683  1684  1688  1689  1691  1693  1694  1695  1699  1702  1703  1707  1708  1713  1715  1716  1718  1720  1724  1725  1728  1731  1736  1739  1743  1745  1746  1749  1761  1763  1765  1766  1767  1769  1770  1773  1775  1777  1781  1784  1785  1791  1792  1793  1799  1800  1802  1810  1811  1812  1813  1814  1815  1817  1818  1819  1821  1822  1823  1824  1825  1826  1827  1831  1834  1840  1842  1844  1845  1848  1852  1853  1855  1856  1857  1858  1859  1860  1862  1864  1869  1870  1873  1877  1880  1881  1882  1883  1885  1890  1895  1899  1900  1901  1904  1905  1907  1908  1909  1911  1914  1917  1919  1920  1925  1927  1928  1931  1932  1934  1936  1938  1940  1943  1945  1946  1954  1956  1959  1961  1967  1969  1972  1973  1977  1980  1986  1991  1993  1996  1998  1999  2001  2005  2006  2009  2010  2011  2015  2021  2023  2024  2027  2028  2033  2037  2040  2041  2042  2044  2045  2049  2057  2058  2060  2064  2067  2068  2071  2074  2075  2076  2078  2082  2084  2085  2087  2088  2093  2097  2098  2101  2102  2103  2105  2106  2107  2108  2111  2112  2117  2120  2122  2127  2130  2131  2133  2134  2135  2137  2138  2139  2140  2141  2144  2145  2146  2147  2152  2155  2156  2157  2161  2169  2171  2174  2175  2176  2177  2180  2182  2183  2185  2186  2187  2191  2192  2193  2194  2198  2203  2205  2209  2211  2216  2217  2219  2225  2229  2232  2234  2236  2239  2240  2241  2244  2245  2252  2254  2255  2256  2263  2264  2271  2272  2273  2275  2277  2278  2281  2284  2285  2288  2290  2292  2293  2297  2298  2300  2302  2304  2306  2308  2312  2315  2316  2317  2321  2323  2325  2328  2330  2332  2334  2335  2339  2342  2344  2345  2346  2347  2348  2351  2354  2355  2357  2358  2359  2360  2362  2369  2371  2375  2378  2379  2381  2382  2383  2384  2386  2389  2391  2402  2404  2406  2412  2413  2414  2415  2419  2422  2423  2427  2428  2430  2434  2435  2436  2441  2442  2444  2446  2454  2455  2457  2462  2466  2469  2470  2471  2472  2474  2475  2477  2479  2480  2481  2482  2483  2485  2486  2487  2491  2492  2494  2495  2496  2500];

Primitive8:[2     7     8    10    11    12    21    24    28    33    35    36    39    54    70    76    80    82    84    89    93   101   109   110   111   115   117   118   129   137   155   163   170   174   182   187   188   189   193   222   224   250   254   255   259   266   268   275   280   289   294   315   316   324   326   329   331   337   343   352   353   359   360   368   374   382   391   416   418   419   425   429   433   437   443   445   446   451   453   455   457   458   465   467   469   473   475   480   491   494   499   527   529   541   545   558   583   590   593   599   612   614   624   632   648   649   652   655   656   661   673   675   681   689   693   696   699   700   709   710   713   714   725   727   733   734   735   748   752   763   771   772   779   790   793   808   810   812   813   822   825   842   845   848   853   860   861   864   871   875   877   879   880   881   885   889   892   894   914   927   931   939   943   946   947   949   950   953   957   965   969   976   979   987   991   994   995  1006  1019  1024  1029  1033  1035  1038  1040  1045  1050  1053  1059  1064  1072  1074  1088  1090  1092  1094  1099  1111  1126  1132  1134  1146  1156  1161  1175  1186  1194  1197  1199  1211  1218  1234  1238  1251  1253  1258  1259  1264  1265  1269  1286  1288  1300  1302  1303  1311  1315  1321  1324  1329  1331  1337  1339  1341  1343  1359  1370  1373  1375  1376  1377  1379  1383  1391  1402  1419  1433  1439  1443  1450  1451  1466  1469  1470  1484  1509  1526  1527  1537  1549  1550  1554  1556  1570  1571  1576  1581  1584  1587  1591  1593  1602  1609  1610  1611  1613  1614  1621  1625  1641  1655  1659  1669  1696  1705  1712  1717  1721  1727  1730  1753  1756  1757  1762  1779  1786  1789  1796  1798  1803  1828  1832  1836  1838  1839  1846  1849  1850  1861  1865  1868  1874  1879  1892  1893  1897  1903  1906  1913  1915  1916  1921  1944  1951  1953  1964  1966  1968  1976  1985  1988  1989  1990  2000  2003  2004  2008  2016  2017  2026  2032  2038  2039  2046  2050  2052  2053  2056  2059  2079  2083  2091  2094  2099  2114  2115  2116  2118  2124  2129  2132  2142  2150  2153  2167  2168  2179  2184  2201  2206  2207  2210  2212  2221  2223  2224  2235  2242  2243  2247  2248  2251  2257  2280  2282  2286  2289  2291  2307  2309  2313  2320  2322  2324  2326  2343  2364  2365  2367  2370  2376  2377  2380  2387  2395  2399  2401  2408  2425  2433  2437  2456  2459  2465  2476  2493  2497];

