Primitive1:[11    57    62    93   122   128   130   199   200   211   251   258   275   291   300   306   316   317   325   376   390   392   395   401   417   423   449   467   482   485   502   510   517   531   539   540   554   556   558   570   576   582   598   599   601   607   611   645   667   668   702   754   756   768   779   783   799   801   813   827   840   849   850   860   888   904   910   924   931   933   934   946   948   959   969   975  1007  1017  1043  1051  1066  1074  1079  1086  1124  1128  1152  1161  1176  1181  1191  1194  1209  1210  1228  1255  1260  1295  1311  1317  1331  1341  1345  1362  1370  1380  1382  1386  1389  1406  1416  1425  1466  1468  1480  1489  1496  1502  1544  1571  1574  1597  1598  1612  1661  1669  1720  1727  1728  1731  1758  1762  1764  1768  1800  1805  1814  1817  1836  1841  1842  1850  1863  1886  1893  1894  1906  1910  1921  1931  1938  1951  1960  2017  2060  2065  2069  2090  2114  2119  2121  2149  2155  2171  2191  2205  2208  2213  2217  2226  2229  2236  2251  2254  2255  2290  2296  2310  2315  2327  2328  2346  2354  2355  2366  2398  2408  2412  2437  2455  2475  2493  2494  2509  2524  2533  2540  2544  2551  2562  2574  2604  2614  2634  2645  2648  2667  2718  2723  2727  2728  2732  2733  2754  2769  2787  2804  2806  2841  2842  2850  2853  2878  2897  2899  2913  2918  2963  2983  3011  3016  3020  3026  3065  3069  3076  3087  3104  3114  3131  3134  3157  3162  3164  3165  3170  3175  3183  3214  3217  3219  3225  3231  3234  3235  3245  3251  3255  3256  3275  3289  3308  3310  3314  3332  3351  3352  3368  3376  3393  3434  3445  3446  3462  3479  3510  3516  3534  3539  3569  3571  3573  3601  3658  3671  3705  3725  3731  3732  3746  3772  3795  3850  3866  3868  3871  3884  3898  3907  3908  3916  3942  3950  3967  3969  3972  4004  4010  4028  4036  4060  4064  4067  4071  4086  4109  4158  4191  4204  4233  4250  4258  4259  4264  4278  4294  4308  4323  4325  4328  4344  4350  4354  4359  4364  4368  4370  4384  4395  4410  4418  4430  4436  4453  4472  4477  4478  4479  4492  4504  4509  4517  4520  4528  4530  4532  4579  4582  4585  4589  4595  4634  4653  4654  4655  4660  4668  4685  4699  4722  4731  4741  4750  4761  4782  4784  4787  4788  4795  4816  4819  4823  4861  4872  4893  4894  4900  4906  4916  4927  4932  4933  4943  4956  4967  4971  4993];

Primitive2:[337   543   553   587   852   865  1070  1450  1620  1913  2027  2063  2359  2379  2525  2631  2682  2882  2936  3004  3265  3293  3433  3676  3690  3926  4070  4087  4186  4367  4617  4765];

Primitive3:[23    43    46    54    73   116   141   157   182   346   458   469   474   600   682   697   739   755   830   884   905   990   995  1178  1179  1185  1200  1248  1267  1272  1401  1411  1428  1441  1452  1511  1517  1519  1532  1534  1573  1623  1637  1861  1975  2110  2180  2272  2292  2294  2318  2340  2367  2384  2500  2539  2571  2711  2734  2866  2876  2954  3045  3062  3079  3123  3201  3280  3303  3341  3345  3400  3408  3488  3679  3695  3716  3822  3847  3893  3937  3938  3989  4046  4082  4175  4238  4310  4316  4424  4536  4587  4620  4677  4749  4778  4799  4831  4836  4903];

Primitive4:[22   106   156   163   335   523   732   828   869   896   897   939   940   968  1038  1103  1145  1175  1180  1336  1415  1421  1422  1442  1490  1506  1515  1548  1763  1822  1849  1891  1895  1970  2202  2264  2295  2361  2429  2439  2440  2486  2510  2513  2547  2610  2719  2784  2820  3110  3185  3246  3371  3431  3448  3512  3607  3836  3874  3941  3985  4077  4134  4375  4427  4451  4705  4833  4847  4938];

Primitive5:[26    74    88   125   285   290   303   313   445   447   460   476   763   770   771   812   866   867  1123  1266  1301  1304  1306  1350  1446  1465  1527  1616  1719  1723  1778  1808  1824  1834  1956  2036  2046  2243  2285  2293  2526  2592  2654  2773  2786  2802  2805  2819  2822  3224  3240  3271  3281  3405  3419  3555  3582  3764  3799  3855  3875  3909  4045  4205  4234  4239  4268  4374  4392  4432  4465  4630  4633  4744  4757  4825  4851  4919];

Primitive6:[84   794   804   819   966  1001  1223  1264  1602  1658  1730  1954  1968  2041  2124  2166  2308  2348  2677  2716  2953  3216  3221  3274  3284  3428  3464  3492  3506  3548  3662  3775  3794  3829  3925  4034  4061  4088  4145  4415  4489  4498  4607  4638  4754  4820  4923  4945  4984  4989];

Primitive7:[1   143   147   228   268   378   393   452   586   696   814   878   970   981  1081  1187  1192  1243  1469  1531  1575  1592  1890  1926  1932  1935  1966  2024  2076  2095  2183  2257  2267  2268  2403  2528  2607  2670  2690  2729  2738  2751  2771  2807  2816  2920  2985  2998  3005  3151  3232  3277  3295  3475  3541  3593  3644  3714  3750  3759  3779  3806  3831  3844  3856  3914  3932  3933  3971  4000  4059  4112  4122  4129  4130  4279  4371  4456  4484  4669  4718  4740  4929  4996];

Primitive8:[82   149   384   632   680   718   858  1217  1242  1246  1412  1483  1603  1647  1811  1880  1923  1978  2139  2210  2300  2371  2445  2536  2586  2608  2745  2828  2872  2883  2925  2955  2960  3200  3266  3304  3387  3495  3498  3592  3652  3653  3739  3790  3870  3890  4121  4272  4293  4303  4441  4461  4535  4745  4898];

Primitive9:[9   139   151   230   249   295   369   400   440   480   527   597   609   663   726   765   834   925   928   942   954   976   987   994  1031  1115  1233  1268  1383  1444  1478  1555  1562  1570  1788  1871  1900  1950  1980  2108  2126  2363  2378  2382  2504  2529  2565  2649  2761  2791  2793  2801  2888  2905  2931  2996  3086  3141  3261  3272  3312  3316  3356  3524  3597  3619  3626  3631  3635  3649  3786  3823  3885  3902  3910  3994  4193  4380  4391  4481  4490  4547  4657  4691  4714  4803  4875  4922  5000];

Primitive10:[530   684   773   790   917  1033  1059  1064  1094  1289  1338  1366  1460  1503  1667  1927  2001  2008  2083  2105  2120  2145  2150  2200  2287  2444  2750  2846  2937  3008  3226  3590  3642  3648  3783  3956  4539  4553  4594  4667  4697  4934];

Primitive11:[5    19    32    47    49    50    58    63   102   109   137   146   162   181   194   203   209   217   246   264   266   272   301   311   329   359   360   371   373   418   456   516   536   538   541   569   591   593   615   621   623   627   635   640   661   670   685   701   704   721   724   731   747   748   750   793   822   861   882   887   895   913   914   916   919   920   923   929   938   952  1014  1036  1068  1073  1092  1101  1106  1156  1163  1204  1224  1226  1234  1249  1269  1270  1281  1286  1319  1324  1351  1376  1385  1438  1448  1462  1470  1479  1505  1547  1572  1578  1582  1656  1663  1682  1696  1715  1733  1744  1760  1818  1851  1855  1922  1964  1973  1993  2010  2040  2112  2123  2154  2175  2223  2240  2276  2286  2302  2307  2347  2409  2410  2446  2450  2458  2478  2495  2505  2521  2534  2591  2628  2630  2635  2639  2640  2680  2691  2713  2744  2748  2767  2825  2831  2948  2966  2979  3014  3025  3028  3032  3034  3068  3092  3105  3115  3126  3163  3179  3207  3220  3237  3242  3294  3301  3302  3306  3324  3339  3354  3361  3367  3374  3375  3378  3382  3427  3458  3485  3486  3491  3499  3513  3560  3576  3586  3605  3615  3640  3655  3699  3748  3751  3760  3770  3780  3788  3798  3800  3826  3838  3839  3862  3863  3867  3879  3917  3952  3976  3998  4025  4091  4098  4105  4110  4124  4126  4128  4152  4168  4172  4201  4219  4222  4240  4283  4321  4347  4372  4390  4444  4459  4468  4556  4569  4600  4606  4613  4641  4687  4723  4752  4839  4856  4864  4890  4892  4895  4904  4920  4939  4950  4958  4963  4973  4978  4981];

Primitive12:[129   610   612   691   848   974  1022  1046  1060  1112  1153  1395  1543  1560  1605  1684  1699  2071  2082  2342  2388  2396  2517  2617  2646  2650  2659  2676  2730  2778  2885  2894  2978  3042  3052  3307  3319  3337  3388  3451  3517  3623  3734  3881  3939  4011  4021  4044  4106  4203  4263  4402  4413  4416  4506  4529  4645  4662  4673  4696  4721  4764  4775];

Primitive13:[12    15    24    36    42   270   344   386   413   486   512   552   602   651   674   714   751   853   988  1072  1122  1203  1254  1284  1391  1674  1714  1821  1823  1843  2007  2019  2026  2045  2225  2432  2467  2471  2518  2520  2629  2715  2743  2817  2877  2911  2959  3039  3125  3154  3174  3208  3305  3323  3359  3390  3391  3418  3467  3507  3568  3721  3864  3897  3905  3988  4047  4072  4090  4142  4256  4275  4290  4315  4373  4439  4471  4476  4526  4598  4627  4774  4902  4955  4966];

Primitive14:[140   247   604   642   874   876   926  1034  1307  1430  1629  1705  1709  1759  1813  1819  1882  1917  1997  2028  2057  2097  2233  2260  2400  2411  2435  2726  2835  2949  3000  3286  3456  3587  3618  3633  3692  3747  3781  3895  3896  4016  4063  4149  4221  4230  4292  4333  4659  4756  4766  4987];

Primitive15:[35   103   120   349   428   439   461   466   778   937  1126  1201  1302  1427  1482  1492  1518  1521  1613  1718  1745  1967  2044  2096  2177  2263  2297  2339  2376  2483  2579  2797  3029  3129  3287  3476  3504  3869  4018  4171  4330  4382  4406  4450  4501  4584  4615  4807  4869  4897  4974  4992];

Primitive16:[4    20    28   173   269   616   673   774   787   899   935   982  1011  1076  1091  1225  1320  1493  1523  1551  1576  1580  1739  1827  1908  2053  2195  2203  2216  2321  2595  2692  2780  2898  2974  3010  3096  3258  3270  3364  3556  3697  3778  3827  3830  3873  3935  3940  3946  3986  3991  4101  4108  4207  4362  4434  4577  4780  4863  4883  4969];

Primitive17:[70    77   183   239   379   494   551   605   738   837   862   881  1583  1657  1702  1785  2084  2087  2641  2672  2932  2951  3072  3358  3398  3727  3742  3782  3962  4053  4213  4563  4603  4652  4763  4773  4809];

Primitive18:[7   107   222   242   273   327   437   534   698   758   855   951   964   971   984  1247  1365  1473  1535  1590  1591  1743  1806  1876  1963  1983  1998  2182  2262  2275  2393  2397  2427  2474  2573  2753  2874  2928  3036  3064  3239  3404  3424  3520  3594  3596  3707  3719  3726  3762  3787  3900  3945  4041  4223  4228  4254  4260  4297  4346  4414  4592  4602  4644  4670  4748  4881  4944  4982];

Primitive19:[44   127   165   208   310   320   464   894  1053  1080  1447  1777  2746  3166  3209  3296  3532  3773  3776  4252  4463  4475  4527  4632  4686  4914  4985  4995  4998];

Primitive20:[155   172   196   253   263   408   441   453   478   479   495   608   693   767  1078  1116  1154  1160  1169  1287  1318  1355  1497  1706  1984  1986  2037  2068  2129  2253  2312  2334  2353  2358  2422  2436  2622  2642  2757  2790  2830  2879  2906  2930  3046  3049  3227  3241  3273  3318  3420  3459  3469  3614  3722  3774  3820  3858  3936  3958  4133  4147  4153  4183  4281  4287  4291  4383  4684  4700  4725  4843  4948  4988  4991];

Primitive21:[37   145   166   283   375   462   492   525   537   574   614   786   955   977  1028  1085  1096  1111  1218  1245  1265  1299  1343  1433  1464  1522  1538  1624  1648  1677  1694  2061  2102  2184  2219  2234  2250  2343  2368  2407  2442  2512  2578  2655  2664  2665  2685  2725  2768  2782  2818  2929  2933  3027  3311  3327  3380  3449  3496  3501  3538  3563  3620  3621  3656  3701  3814  3841  3899  4052  4075  4185  4285  4363  4366  4379  4578  4609  4625  4751  4753  4801  4811  4834  4928  4949];

Primitive22:[59    71    78   190   224   255   284   309   330   332   348   410   411   421   436   443   508   515   519   532   596   620   624   653   695   699   719   838   843   880   921   958  1013  1020  1039  1063  1067  1071  1113  1155  1221  1258  1261  1308  1340  1354  1358  1373  1379  1409  1443  1467  1499  1542  1565  1594  1610  1639  1687  1692  1771  1872  1924  1944  1981  1989  2009  2070  2073  2106  2186  2188  2218  2271  2279  2322  2421  2481  2482  2545  2553  2560  2581  2612  2637  2660  2742  2774  2808  2839  2880  2893  2923  2957  2961  2967  2977  2984  3098  3230  3300  3331  3383  3384  3396  3441  3452  3482  3522  3567  3663  3670  3730  3755  3807  3849  3861  3984  4005  4026  4055  4056  4058  4093  4141  4178  4192  4194  4236  4276  4288  4302  4352  4493  4507  4515  4523  4561  4574  4604  4614  4624  4665  4674  4711  4715  4738  4772  4781  4873  4924  4980  4990];

Primitive23:[25    41    64   126   168   175   202   215   248   252   281   339   351   353   374   385   414   455   477   669   743   780   806   870   877   961   972  1077  1108  1164  1166  1174  1207  1231  1279  1298  1332  1347  1349  1369  1402  1434  1436  1491  1512  1564  1654  1695  1703  1707  1725  1741  1799  1826  1904  1942  2006  2079  2091  2136  2311  2329  2333  2413  2430  2431  2447  2662  2701  2740  2741  2765  2777  2803  2908  2919  2945  2968  3108  3117  3122  3196  3202  3213  3218  3264  3321  3328  3330  3348  3379  3409  3411  3430  3494  3591  3600  3683  3808  3872  4002  4161  4216  4224  4225  4237  4245  4267  4271  4357  4519  4542  4549  4566  4611  4637  4639  4712  4716  4729  4786  4845  4909  4962  4976];

Primitive24:[61    92    94   115   206   227   302   304   312   324   394   484   509   575   617   687   711   777   805   839   871   911  1082  1134  1188  1189  1215  1277  1374  1476  1540  1559  1608  1617  1867  1885  1888  1957  1982  2118  2187  2198  2214  2221  2245  2323  2330  2345  2380  2395  2415  2425  2470  2515  2589  2721  2815  2907  2926  3037  3057  3106  3109  3236  3268  3401  3426  3557  3627  3680  3735  3758  3761  3763  3832  3842  3920  3975  3981  3990  4017  4031  4148  4155  4179  4215  4280  4322  4386  4419  4422  4425  4445  4583  4889  4959];

Primitive25:[3     6    38    52    53    68    72    87    96   135   148   150   178   179   212   216   218   241   244   245   279   286   315   319   334   356   383   397   398   399   431   432   472   493   497   503   511   548   559   573   581   583   595   628   630   631   649   662   664   676   678   703   709   723   729   733   766   769   775   797   798   808   821   836   845   854   856   857   868   873   901   903   944   979   993   996  1000  1005  1009  1021  1029  1065  1069  1088  1097  1110  1118  1121  1139  1141  1143  1158  1170  1172  1183  1212  1227  1238  1251  1273  1303  1323  1328  1337  1342  1346  1348  1356  1364  1368  1384  1403  1405  1408  1418  1419  1435  1455  1461  1504  1514  1554  1567  1579  1604  1607  1609  1625  1626  1627  1628  1631  1636  1652  1659  1662  1681  1708  1711  1713  1740  1747  1748  1756  1757  1767  1774  1775  1790  1794  1804  1816  1838  1840  1844  1846  1847  1852  1853  1866  1868  1875  1896  1905  1915  1916  1937  1943  1945  1952  1953  1971  1994  1995  2020  2021  2031  2042  2048  2050  2055  2059  2078  2092  2098  2104  2107  2117  2122  2133  2143  2157  2165  2176  2196  2204  2207  2237  2241  2252  2326  2338  2364  2401  2414  2420  2443  2452  2457  2461  2491  2501  2508  2535  2543  2559  2567  2570  2572  2576  2585  2597  2603  2606  2615  2619  2620  2626  2632  2652  2656  2681  2700  2704  2709  2710  2731  2752  2759  2760  2770  2792  2836  2851  2854  2873  2887  2890  2915  2938  2944  2947  2971  2976  2987  3012  3047  3051  3077  3078  3081  3083  3088  3097  3100  3101  3112  3120  3128  3130  3139  3143  3146  3160  3181  3182  3223  3238  3263  3279  3298  3309  3349  3353  3360  3365  3366  3381  3407  3412  3435  3447  3455  3457  3521  3531  3552  3553  3558  3562  3565  3572  3577  3595  3616  3617  3629  3637  3650  3651  3657  3666  3694  3703  3710  3713  3728  3733  3785  3792  3834  3848  3851  3854  3883  3887  3889  3904  3912  3927  3929  3944  3957  3964  4007  4015  4019  4027  4051  4062  4069  4073  4074  4095  4096  4099  4107  4116  4120  4146  4157  4181  4196  4197  4199  4206  4211  4212  4231  4241  4249  4296  4306  4314  4318  4329  4345  4355  4365  4394  4398  4428  4429  4447  4457  4464  4473  4474  4480  4482  4525  4534  4544  4560  4562  4564  4570  4581  4590  4618  4636  4661  4664  4676  4679  4719  4735  4742  4755  4769  4785  4812  4840  4854  4865  4870  4878  4885  4912  4917  4941  4947  4952  4961  4970  4999];

Primitive26:[17    21    66    79    81   121   124   154   170   176   185   186   192   214   219   223   233   234   237   282   292   305   308   326   328   370   389   391   406   407   419   427   435   454   463   465   475   489   498   505   528   550   561   584   589   606   634   641   643   655   657   665   666   688   692   705   706   707   708   784   809   820   831   832   906   909   936   945   962   980  1037  1050  1055  1057  1062  1129  1138  1149  1150  1173  1198  1202  1222  1297  1305  1312  1352  1361  1387  1400  1404  1423  1429  1459  1472  1474  1477  1520  1539  1550  1577  1581  1586  1615  1638  1653  1666  1700  1717  1752  1772  1786  1831  1854  1864  1873  1881  1897  1902  1911  1939  1940  1955  1962  1972  1974  1979  1985  1992  2025  2058  2062  2066  2081  2086  2089  2094  2132  2159  2167  2169  2172  2220  2230  2231  2270  2299  2325  2352  2360  2370  2374  2399  2404  2406  2419  2424  2426  2428  2434  2449  2465  2469  2477  2492  2556  2575  2599  2616  2618  2623  2661  2669  2671  2687  2696  2703  2712  2736  2781  2788  2800  2813  2833  2834  2843  2864  2871  2896  2902  2910  2940  2969  3007  3017  3021  3048  3056  3060  3093  3095  3102  3111  3116  3136  3142  3153  3161  3176  3189  3193  3203  3244  3249  3252  3299  3326  3350  3355  3413  3421  3432  3439  3442  3443  3453  3463  3489  3493  3547  3554  3559  3570  3575  3583  3598  3610  3611  3612  3628  3634  3643  3668  3674  3685  3729  3744  3749  3753  3767  3796  3828  3833  3837  3843  3845  3852  3888  3891  3892  3913  3943  3960  3997  4008  4013  4032  4033  4078  4083  4104  4118  4125  4151  4164  4242  4261  4269  4286  4311  4319  4385  4387  4396  4437  4449  4460  4462  4503  4550  4571  4573  4608  4619  4622  4623  4650  4651  4688  4771  4779  4789  4794  4806  4815  4818  4826  4827  4829  4835  4842  4848  4853  4868  4882  4901  4926  4983];

Primitive27:[8    75   161   171   177   188   205   232   340   372   496   500   514   545   572   585   636   686   918  1093  1109  1133  1136  1199  1211  1216  1271  1326  1333  1335  1390  1449  1458  1530  1732  1761  1765  1825  1828  1883  1899  1903  1958  2018  2077  2115  2135  2173  2193  2235  2246  2281  2319  2324  2464  2522  2558  2561  2588  2593  2598  2868  2889  2909  2924  3002  3019  3022  3140  3173  3283  3288  3406  3437  3438  3468  3490  3500  3505  3511  3613  3667  3696  3717  3810  3974  4009  4162  4174  4232  4262  4342  4356  4454  4470  4483  4543  4601  4690  4736  4810  4813  4849  4860];

Primitive28:[10    29    48    60    95    99   191   198   207   221   231   296   299   314   318   331   352   362   402   415   416   420   434   448   459   522   547   568   594   603   618   622   683   744   745   749   776   788   800   829   841   847   879   900   943   947   957   965   983   997  1002  1019  1027  1030  1058  1075  1099  1132  1137  1157  1168  1252  1296  1316  1321  1330  1377  1451  1484  1486  1494  1500  1507  1513  1546  1611  1645  1646  1670  1671  1672  1679  1689  1734  1793  1796  1812  1858  1865  1898  1949  1996  2034  2088  2130  2131  2147  2178  2238  2242  2269  2291  2344  2390  2468  2490  2550  2563  2568  2577  2600  2625  2633  2651  2658  2702  2794  2810  2856  2858  2863  2881  2916  2943  2946  2965  2970  2992  3024  3038  3063  3075  3085  3090  3148  3159  3205  3257  3267  3342  3344  3415  3422  3487  3514  3535  3542  3660  3672  3673  3723  3819  3876  3923  3924  3928  3966  3977  3980  3995  4001  4014  4035  4038  4040  4054  4135  4137  4176  4220  4253  4265  4300  4343  4358  4405  4433  4491  4497  4514  4558  4596  4610  4631  4647  4656  4739  4743  4758  4759  4953];

Primitive29:[30   104   111   158   210   235   265   280   367   429   438   483   542   555   571   579   690   700   722   764   795   803   810   835   912   930  1018  1162  1171  1274  1285  1388  1410  1463  1528  1568  1665  1691  1721  1742  1751  1947  2003  2023  2043  2052  2072  2074  2140  2144  2146  2158  2160  2201  2265  2313  2402  2473  2502  2511  2554  2569  2643  2686  2688  2776  2829  2849  2901  2934  2981  2988  3070  3138  3149  3167  3276  3292  3325  3397  3410  3450  3454  3484  3497  3528  3533  3561  3599  3606  3636  3675  3743  3752  3784  3911  3922  3983  3987  4024  4030  4066  4094  4235  4307  4341  4412  4417  4438  4446  4486  4496  4508  4626  4635  4646  4689  4703  4704  4726  4838  4867  4874  4884  4937  4960  4965  4968  4986];

Primitive30:[2    13    14    16    18    31    40    45    56    67    76    80    85    98   101   110   118   119   132   136   144   160   174   187   193   197   213   225   229   236   254   256   278   294   333   341   345   347   350   363   377   380   382   387   388   396   403   412   430   442   451   457   471   504   507   520   526   546   565   567   577   588   590   637   638   639   658   671   679   694   715   716   727   728   730   736   761   781   782   792   807   824   825   826   842   844   846   851   863   872   886   890   898   902   915   922   927   932   941   956   960   985   991   992   999  1015  1045  1048  1052  1084  1087  1095  1130  1140  1142  1146  1147  1151  1184  1193  1213  1214  1235  1236  1237  1239  1240  1250  1256  1275  1282  1290  1300  1315  1327  1334  1353  1360  1367  1371  1375  1381  1392  1396  1397  1398  1399  1414  1417  1424  1431  1471  1485  1487  1495  1501  1508  1529  1533  1537  1552  1561  1563  1566  1589  1596  1618  1635  1649  1650  1651  1655  1664  1668  1673  1685  1697  1701  1716  1722  1735  1750  1754  1755  1766  1769  1776  1779  1784  1797  1801  1809  1837  1874  1892  1907  1909  1912  1919  1925  1934  1946  1959  1987  2000  2002  2004  2005  2016  2022  2029  2035  2039  2047  2049  2054  2064  2067  2075  2093  2099  2103  2109  2116  2127  2142  2152  2156  2161  2163  2181  2185  2189  2228  2239  2259  2277  2283  2289  2304  2317  2331  2335  2357  2362  2365  2383  2386  2391  2392  2416  2418  2433  2448  2460  2462  2480  2487  2488  2489  2516  2527  2530  2531  2532  2542  2552  2555  2587  2590  2594  2601  2605  2627  2644  2673  2674  2683  2693  2694  2697  2699  2714  2720  2735  2758  2775  2798  2811  2812  2814  2821  2826  2838  2844  2845  2862  2865  2869  2895  2941  2958  2973  2975  2980  2990  2999  3001  3006  3009  3015  3030  3043  3050  3053  3054  3061  3071  3080  3084  3089  3091  3094  3103  3107  3118  3121  3124  3132  3135  3144  3150  3158  3172  3187  3191  3192  3194  3197  3211  3228  3233  3253  3259  3290  3315  3335  3340  3357  3373  3389  3403  3416  3460  3461  3471  3477  3502  3503  3509  3523  3540  3543  3551  3566  3574  3581  3584  3585  3588  3604  3609  3622  3630  3638  3639  3641  3645  3646  3654  3661  3665  3669  3682  3684  3687  3689  3698  3700  3706  3709  3711  3718  3720  3745  3757  3768  3771  3777  3789  3802  3805  3811  3812  3824  3835  3846  3853  3857  3859  3877  3880  3906  3915  3921  3930  3931  3951  3954  3955  3959  3963  3965  3968  3970  3973  3979  3992  3999  4029  4037  4079  4085  4089  4100  4102  4103  4113  4123  4131  4136  4139  4144  4163  4169  4180  4184  4187  4188  4190  4195  4226  4229  4243  4247  4248  4251  4266  4270  4284  4298  4304  4305  4309  4317  4320  4326  4327  4334  4335  4338  4381  4400  4404  4411  4420  4421  4423  4431  4448  4469  4485  4488  4500  4502  4512  4513  4516  4522  4537  4538  4540  4552  4555  4572  4576  4593  4605  4612  4616  4640  4643  4648  4666  4671  4680  4695  4707  4724  4728  4746  4747  4762  4776  4783  4790  4791  4792  4802  4805  4821  4822  4824  4832  4846  4852  4857  4858  4859  4871  4876  4877  4880  4887  4896  4899  4908  4910  4918  4930  4936  4946  4954  4975];

Primitive31:[100   184   259   267   288   293   297   323   361   365   521   647   654   720   753   802   811   893   950   953  1003  1016  1040  1041  1100  1114  1119  1144  1280  1325  1329  1357  1437  1440  1601  1680  1683  1729  1783  1807  1833  1835  1839  1977  2011  2085  2125  2128  2190  2222  2227  2247  2261  2278  2336  2375  2749  2763  2859  2860  2870  2891  2904  2942  2952  3074  3099  3127  3171  3199  3215  3250  3320  3338  3480  3515  3589  3647  3664  3677  3678  3738  3860  3934  4003  4006  4043  4048  4057  4119  4143  4154  4173  4218  4274  4289  4299  4351  4361  4369  4378  4443  4567  4586  4733  4768];

Primitive32:[34   134   238   271   277   298   426   481   490   524   737   816  1042  1197  1206  1241  1363  1545  1588  1599  1829  1887  2303  2314  2405  2438  2602  2666  2747  2796  2886  2912  3119  3145  3282  3333  3444  3465  3530  3961  4042  4138  4189  4208  4336  4531  4591  4642  4717  4891  4997];

Primitive33:[226   321   422   424   433   450   513   681   717   740   791   833  1008  1035  1054  1394  1413  1704  1798  1830  1877  2014  2168  2284  2350  2351  2369  2372  2417  2459  2668  2739  2764  2785  2986  3018  3044  3260  3347  3686  3688  4049  4080  4202  4332  4546  4551  4575  4628  4886  4921  4972];

Primitive34:[27    89   114   133   189   195   261   276   343   354   364   470   491   629   648   864   885  1006  1010  1024  1025  1083  1148  1165  1167  1177  1205  1230  1262  1439  1445  1457  1516  1536  1569  1632  1675  1698  1780  1781  1782  1832  1845  1920  2030  2032  2080  2101  2113  2194  2206  2256  2316  2341  2356  2373  2472  2519  2548  2647  2684  2717  2795  2848  2852  2855  2964  3033  3147  3222  3329  3346  3369  3481  3518  3546  3693  3737  3982  4012  4050  4081  4127  4209  4246  4257  4295  4389  4397  4505  4521  4682  4693  4800  4911  4915];

Primitive35:[83   113   131   159   220   289   336   342   444   446   506   563   633   652   656   675   741   760   762   823   875   892   907   986  1023  1026  1089  1104  1120  1159  1195  1288  1310  1339  1407  1453  1475  1526  1541  1553  1585  1593  1600  1619  1630  1640  1686  1724  1737  1738  1749  1753  1791  1795  1862  1869  1941  1976  2056  2153  2164  2179  2192  2197  2224  2244  2249  2266  2301  2320  2385  2387  2389  2394  2441  2503  2506  2523  2538  2557  2564  2609  2695  2772  2809  2857  2884  2900  2935  2956  2982  3035  3055  3067  3156  3178  3184  3186  3198  3247  3248  3254  3262  3278  3291  3297  3313  3414  3425  3429  3440  3470  3483  3525  3526  3527  3602  3624  3681  3708  3712  3724  3741  3793  3813  3815  3878  4111  4114  4117  4210  4312  4313  4377  4499  4524  4580  4629  4683  4702  4737  4828  4830  4855  4862  4905  4942  4964  4977];

Primitive36:[33    86   105   169   240   250   355   357   358   381   409   425   499   529   544   549   557   566   742   817   967   989  1044  1047  1105  1117  1127  1131  1135  1190  1219  1232  1278  1456  1524  1584  1587  1643  1688  1726  1773  1820  1918  1928  1969  1990  2038  2137  2138  2151  2211  2232  2377  2381  2456  2463  2484  2546  2566  2582  2596  2624  2678  2706  2737  2756  2789  2824  2837  2847  2867  2903  3058  3133  3180  3210  3285  3322  3336  3362  3363  3377  3385  3402  3436  3545  3550  3564  3578  3625  3632  3704  3715  3765  3809  3817  3840  3894  3901  3919  4023  4039  4065  4092  4156  4170  4200  4217  4255  4301  4340  4353  4407  4409  4455  4466  4467  4494  4495  4511  4518  4533  4554  4557  4568  4658  4692  4698  4727  4730  4777  4808  4850  4879  4888  4907  4925  4931];

Primitive37:[69   108   142   180   204   257   322   366   468   488   677   734   859   889   949   963   998  1220  1294  1344  1372  1481  1509  1510  1525  1557  1558  1595  1606  1621  1634  1693  1710  1712  1787  1803  1810  1859  1929  1933  1936  1999  2015  2111  2141  2174  2258  2274  2280  2282  2453  2454  2485  2541  2580  2584  2611  2621  2679  2707  2762  2766  2917  2950  2991  3013  3113  3177  3334  3395  3423  3659  3702  3736  3766  3769  3791  3797  3804  3816  3949  4076  4084  4132  4244  4403  4458  4559  4565  4588  4701  4706  4709  4710  4713  4732  4797  4804  4814  4841];

Primitive38:[55    91   138   152   243   260   274   287   578   580   625   689   746   759   789   891  1012  1061  1098  1182  1257  1259  1291  1292  1393  1622  1641  1642  1736  1746  1792  1870  1901  1914  2013  2134  2162  2199  2305  2476  2479  2675  2722  2892  2921  2994  3066  3168  3190  3206  3243  3343  3370  3473  3580  3740  3886  3947  4097  4159  4160  4182  4227  4360  4388  4426  4452  4649  4708  4770  4837];

Primitive39:[65    90   123   164   307   501   518   560   613   626   644   646   650   672   713   757   785   796   818   973   978  1032  1056  1107  1186  1283  1309  1313  1426  1432  1498  1556  1633  1644  1660  1678  1770  1856  1857  1879  1884  1889  1961  1988  1991  2012  2033  2051  2100  2148  2170  2248  2288  2332  2337  2466  2497  2537  2549  2583  2663  2689  2724  2755  2783  2799  2840  2861  2914  2922  2927  2962  2995  3003  3040  3059  3152  3195  3204  3229  3269  3392  3417  3474  3478  3508  3529  3544  3549  3603  3754  3756  3801  3803  3818  3903  3948  3953  3978  3996  4020  4022  4068  4140  4166  4177  4198  4214  4277  4324  4337  4339  4376  4401  4440  4487  4597  4621  4672  4767  4796  4798  4866  4935  4940];

Primitive40:[39   112   167   262   368   404   473   487   535   562   564   660   710   712   752   815   883   908  1004  1049  1090  1102  1208  1229  1263  1293  1314  1359  1378  1549  1676  1690  1815  1948  2209  2212  2273  2309  2349  2451  2496  2498  2507  2613  2653  2657  2698  2705  2823  2832  2875  2939  2972  2989  2993  2997  3031  3041  3073  3155  3188  3212  3372  3399  3472  3536  3579  3608  3825  3865  3918  4165  4167  4273  4282  4331  4348  4393  4548  4663  4678  4681  4720  4734  4760  4817  4913  4951  4957  4979  4994];

Primitive41:[51    97   117   153   201   338   405   533   592   619   659   725   735   772  1125  1196  1244  1253  1276  1322  1420  1454  1488  1614  1789  1802  1848  1860  1878  1930  1965  2215  2298  2306  2423  2499  2514  2636  2638  2708  2779  2827  3023  3082  3137  3169  3317  3386  3394  3466  3519  3537  3691  3821  3882  3993  4115  4150  4349  4399  4408  4435  4442  4510  4541  4545  4599  4675  4694  4793  4844];

