Points:=[
[0.000000000000, -2.030558000000, -2.283197000000], 
[1.463457000000, -11.516212000000, -18.054144000000], 
[4.761498000000, 1.585781000000, -0.099393000000], 
[6.236137000000, 4.705973000000, -24.495924000000], 
[9.525000000000, 4.063958000000, -22.520699000000], 
[0.000000000000, -8.547496000000, -10.979190000000], 
[9.525000000000, -9.525061000000, -13.481302000000], 
[0.000000000000, -2.890858000000, -16.462725000000], 
[8.519101000000, -2.940110000000, -24.443239000000], 
[4.771088000000, 4.757811000000, -0.924889000000], 
[2.840085000000, 8.582804000000, -22.060848000000], 
[9.525000000000, -5.575268000000, -7.124732000000], 
[2.150227000000, -7.750216000000, -22.761021000000], 
[0.000000000000, -7.765057000000, -12.773479000000], 
[3.010335000000, 11.283721000000, -18.528177000000], 
[9.429317000000, -5.294727000000, -15.895479000000], 
[0.000000000000, 11.029321000000, -18.996355000000], 
[0.000000000000, -3.539730000000, -18.672935000000], 
[9.076515000000, 8.354324000000, -20.672964000000], 
[4.102033000000, -7.935446000000, -22.615580000000], 
[0.000000000000, 2.040181000000, -12.841353000000], 
[6.657971000000, 5.214978000000, -24.279898000000], 
[6.215713000000, -7.645087000000, -22.841137000000], 
[5.106737000000, 5.830107000000, -23.982723000000], 
[8.448103000000, 11.984206000000, -10.543436000000], 
[1.824190000000, -10.267857000000, -20.174028000000], 
[2.218396000000, 12.671039000000, -11.842811000000], 
[2.379219000000, -9.267669000000, -21.383335000000], 
[0.638478000000, 6.745684000000, -23.460379000000], 
[4.750127000000, 12.092289000000, -8.818435000000], 
[9.058127000000, -7.773211000000, -21.265343000000], 
[9.525000000000, -8.393585000000, -17.877514000000], 
[0.887436000000, -3.698531000000, -0.550479000000], 
[4.050851000000, -0.451928000000, -25.391956000000], 
[5.708373000000, -1.610098000000, -25.297523000000], 
[8.502817000000, 11.428427000000, -8.658525000000], 
[9.140398000000, 4.636154000000, -9.411805000000], 
[5.573490000000, -5.810558000000, -1.407196000000], 
[8.362322000000, 4.280104000000, -24.191259000000], 
[8.353226000000, -4.849740000000, -23.972603000000], 
[0.000000000000, -5.816150000000, -7.721774000000], 
[8.198079000000, -10.272829000000, -19.692308000000], 
[0.000000000000, -8.371454000000, -17.320219000000], 
[0.418532000000, -1.694963000000, -25.286385000000], 
[9.525000000000, -10.797427000000, -10.126843000000], 
[3.910197000000, 10.833014000000, -19.328407000000], 
[6.658927000000, -0.359007000000, -14.038506000000], 
[1.686816000000, -12.440423000000, -10.145421000000], 
[4.307962000000, -10.046461000000, -4.930919000000], 
[9.525000000000, 6.334552000000, -9.807687000000], 
[9.525000000000, -8.285182000000, -6.469431000000], 
[6.224765000000, -12.064487000000, -8.732865000000], 
[8.338976000000, -4.081945000000, -11.361656000000], 
[3.428645000000, 11.900178000000, -17.135738000000], 
[0.000000000000, 8.045747000000, -6.632495000000], 
[0.000000000000, 0.102311000000, -11.293509000000], 
[9.525000000000, -5.831224000000, -18.337568000000], 
[1.673406000000, -12.060286000000, -8.720112000000], 
[9.525000000000, -2.241379000000, -2.124285000000], 
[0.000000000000, -10.389003000000, -8.448506000000], 
[0.000000000000, -10.642686000000, -19.629881000000], 
[9.389502000000, 5.545600000000, -10.122532000000], 
[0.000000000000, -5.032017000000, -13.302556000000], 
[7.569012000000, 0.250798000000, -9.748507000000], 
[0.370962000000, 8.636833000000, -22.011023000000], 
[9.525000000000, 2.476357000000, -4.196162000000], 
[0.000000000000, -0.230789000000, -2.499784000000], 
[0.000000000000, 5.798070000000, -7.365550000000], 
[3.121682000000, 10.534486000000, -5.606721000000], 
[9.525000000000, -5.549218000000, -5.282012000000], 
[9.525000000000, -5.093482000000, -16.491957000000], 
[9.525000000000, -10.696218000000, -12.848377000000], 
[9.525000000000, -0.178605000000, -5.409039000000], 
[9.525000000000, 10.219030000000, -17.033243000000], 
[0.000000000000, 11.357750000000, -16.942476000000], 
[0.000000000000, 6.625369000000, -16.729643000000], 
[0.000000000000, -3.788495000000, -16.521893000000], 
[0.000000000000, 10.926219000000, -9.241571000000], 
[9.134362000000, 5.554737000000, -11.545747000000], 
[6.519335000000, -2.692227000000, -0.288638000000], 
[9.525000000000, 3.162210000000, -6.091571000000], 
[3.945684000000, 5.940189000000, -1.474843000000], 
[0.000000000000, 1.556153000000, -17.807270000000], 
[0.000000000000, 2.371670000000, -11.096979000000], 
[8.191952000000, -8.113583000000, -22.120481000000], 
[9.525000000000, 10.270526000000, -12.002109000000], 
[2.248482000000, 12.205828000000, -16.208244000000], 
[7.130281000000, 12.674878000000, -11.901591000000], 
[0.000000000000, 7.793371000000, -15.686574000000], 
[0.000000000000, -3.138206000000, -14.784146000000], 
[9.525000000000, 8.117178000000, -10.759395000000], 
[9.128603000000, 3.507085000000, -8.253127000000], 
[9.249828000000, 6.336813000000, -22.146418000000], 
[8.470382000000, 10.120286000000, -19.431248000000], 
[4.281623000000, 5.278542000000, -24.251060000000], 
[9.525000000000, -7.162419000000, -11.919529000000], 
[9.525000000000, -7.559635000000, -11.534449000000], 
[0.840634000000, 7.886180000000, -22.654806000000], 
[3.638594000000, -7.690192000000, -22.806974000000], 
[0.331263000000, 10.738557000000, -5.919631000000], 
[0.000000000000, -0.850018000000, -19.490927000000], 
[7.550027000000, 10.508318000000, -19.831989000000], 
[0.878934000000, 4.035540000000, -0.658222000000], 
[9.525000000000, -2.145155000000, -4.865725000000], 
[8.173723000000, 9.879508000000, -20.277905000000], 
[4.356244000000, 10.643246000000, -19.629021000000], 
[2.240596000000, -10.321895000000, -5.300778000000], 
[2.024173000000, 6.372211000000, -23.685669000000], 
[0.720202000000, -11.298599000000, -6.900719000000], 
[9.525000000000, 2.803707000000, -3.970776000000], 
[5.668457000000, -7.752378000000, -22.759356000000], 
[0.000000000000, -3.157329000000, -19.173805000000], 
[0.000000000000, -7.208883000000, -9.223587000000], 
[8.956166000000, -1.870325000000, -24.217766000000], 
[9.525000000000, -6.742252000000, -17.431131000000], 
[0.000000000000, 7.907953000000, -22.637520000000], 
[6.655479000000, 5.879824000000, -23.956894000000], 
[5.187696000000, 4.935697000000, -0.998338000000], 
[8.502817000000, 4.041475000000, -24.128428000000], 
[8.634448000000, -8.096642000000, -21.543806000000], 
[0.000000000000, -1.800653000000, -17.658712000000], 
[6.831440000000, -10.904860000000, -19.209534000000], 
[5.130945000000, -12.678597000000, -13.437003000000], 
[8.404299000000, -2.529610000000, -24.655825000000], 
[4.771056000000, 3.408911000000, -24.933943000000], 
[0.000000000000, 0.482105000000, -20.231106000000], 
[9.265346000000, -10.522754000000, -16.978886000000], 
[2.040143000000, -9.663330000000, -20.940756000000], 
[3.089323000000, -3.397391000000, -0.462854000000], 
[6.257192000000, 4.377344000000, -0.778219000000], 
[9.525000000000, 6.311407000000, -21.362782000000], 
[3.498427000000, 12.413435000000, -15.382654000000], 
[6.081058000000, -1.692098000000, -25.286772000000], 
[0.000000000000, -2.083200000000, -17.658211000000], 
[0.000000000000, 11.358035000000, -12.602308000000], 
[7.746303000000, -3.129102000000, -13.646798000000], 
[0.000000000000, -3.209292000000, -5.440212000000], 
[3.109522000000, 3.038206000000, -0.368767000000], 
[9.525000000000, -7.852586000000, -16.654636000000], 
[7.023689000000, 11.188717000000, -6.691456000000], 
[2.381671000000, 7.021532000000, -23.282442000000], 
[0.000000000000, -4.111081000000, -13.616172000000], 
[0.000000000000, 1.843779000000, -1.622752000000], 
[2.372798000000, 5.349321000000, -24.218452000000], 
[8.432062000000, -1.804247000000, -24.758507000000], 
[0.319566000000, -2.582997000000, -25.134554000000], 
[7.924800000000, 7.583914000000, -22.886965000000], 
[9.525000000000, -1.150544000000, -20.480095000000], 
[2.230310000000, 12.699055000000, -12.545052000000], 
[0.346427000000, -11.386180000000, -18.325380000000], 
[2.321198000000, -9.541836000000, -21.081133000000], 
[4.330988000000, 7.207068000000, -23.156967000000], 
[0.341015000000, 5.387413000000, -24.200686000000], 
[8.200332000000, -10.271302000000, -5.709452000000], 
[9.321577000000, -8.756226000000, -5.552178000000], 
[4.277446000000, 5.446431000000, -24.172853000000], 
[6.749641000000, 12.112768000000, -8.882822000000], 
[4.337467000000, 7.683622000000, -2.588029000000], 
[0.000000000000, -6.829301000000, -16.666765000000], 
[4.779433000000, -10.750403000000, -19.461571000000], 
[9.525000000000, -7.827640000000, -18.820807000000], 
[8.361860000000, -1.625045000000, -16.719299000000], 
[9.003964000000, -3.565228000000, -8.581161000000], 
[7.942543000000, -0.914734000000, -16.191259000000], 
[9.525000000000, -0.490450000000, -20.645691000000], 
[0.000000000000, -9.321637000000, -20.393600000000], 
[9.447452000000, 5.458780000000, -15.672614000000], 
[5.292982000000, -0.220112000000, -25.398092000000], 
[9.525000000000, 2.825092000000, -19.745659000000], 
[0.340238000000, -6.676185000000, -1.896364000000], 
[9.525000000000, -4.662836000000, -8.037189000000], 
[0.000000000000, -9.270595000000, -21.380211000000], 
[0.328828000000, -12.449360000000, -10.189335000000], 
[0.357273000000, 12.662313000000, -11.722329000000], 
[8.788350000000, -1.444064000000, -0.951969000000], 
[9.525000000000, -5.717888000000, -18.853477000000], 
[8.696541000000, -1.765741000000, -24.496843000000], 
[9.525000000000, -8.439755000000, -8.162291000000], 
[5.465242000000, 12.124351000000, -16.480227000000], 
[5.355130000000, 2.139280000000, -25.218527000000], 
[7.548092000000, 6.172610000000, -1.600951000000], 
[7.343493000000, -1.547491000000, -10.646227000000], 
[0.000000000000, 12.310281000000, -14.602131000000], 
[9.525000000000, 5.334361000000, -2.966031000000], 
[0.000000000000, -8.358854000000, -19.902231000000], 
[1.101757000000, 12.454799000000, -15.183543000000], 
[6.831099000000, 10.904788000000, -19.209654000000], 
[4.737082000000, 7.991650000000, -2.829664000000], 
[0.000000000000, 0.323295000000, -20.770765000000], 
[0.000000000000, -2.854490000000, -24.524899000000], 
[5.070236000000, -11.886654000000, -8.228148000000], 
[6.272273000000, 0.571663000000, -12.268704000000], 
[8.444240000000, 11.988604000000, -14.853931000000], 
[9.525000000000, -4.350045000000, -21.753349000000], 
[4.439490000000, 9.562484000000, -21.057566000000], 
[2.469983000000, -12.548065000000, -10.741410000000], 
[9.525000000000, -8.642236000000, -16.342356000000], 
[0.000000000000, 5.270203000000, -16.223335000000], 
[0.000000000000, 3.042273000000, -10.133071000000], 
[0.952720000000, 12.672601000000, -13.533779000000], 
[3.173036000000, -5.004476000000, -24.372414000000], 
[3.496043000000, 3.008757000000, -0.361549000000], 
[7.595078000000, -1.064922000000, -9.887589000000], 
[1.686728000000, -12.653215000000, -11.610894000000], 
[9.525000000000, 1.111042000000, -1.655945000000], 
[0.000000000000, -10.377272000000, -11.244772000000], 
[0.000000000000, 1.138260000000, -4.060486000000], 
[9.525000000000, -3.679988000000, -4.419526000000], 
[2.821978000000, -2.910935000000, -0.338105000000], 
[0.000000000000, -2.342850000000, -23.479902000000], 
[9.525000000000, -4.285390000000, -19.682920000000], 
[9.525000000000, 7.461762000000, -19.775871000000], 
[0.000000000000, 9.825977000000, -18.822350000000], 
[8.908696000000, -2.043330000000, -7.828663000000], 
[6.104459000000, -2.751731000000, -25.098305000000], 
[0.332779000000, 6.711889000000, -23.481491000000], 
[8.709435000000, -2.049340000000, -17.192007000000], 
[1.870581000000, -12.209237000000, -9.203641000000], 
[1.041712000000, -4.264593000000, -0.737423000000], 
[8.077247000000, -3.705928000000, -11.684978000000], 
[2.288941000000, -9.798468000000, -20.779606000000], 
[8.631550000000, 5.067986000000, -23.569847000000], 
[9.305212000000, -3.318930000000, -7.738403000000], 
[8.871097000000, 11.281064000000, -15.999566000000], 
[9.525000000000, 8.715658000000, -7.090529000000], 
[6.391796000000, 11.779852000000, -7.953940000000], 
[0.000000000000, -8.983798000000, -4.768141000000], 
[4.778096000000, 0.500514000000, -25.390133000000], 
[0.422022000000, 7.143682000000, -23.200371000000], 
[2.305081000000, 3.264983000000, -24.973137000000], 
[8.922595000000, 1.060577000000, -7.500459000000], 
[7.924800000000, 5.030213000000, -1.038655000000], 
[0.000000000000, 11.376475000000, -11.276816000000], 
[7.061926000000, -1.288618000000, -11.062375000000], 
[8.568849000000, -1.945273000000, -24.597979000000], 
[5.726834000000, 6.859142000000, -23.388412000000], 
[9.273761000000, 8.157097000000, -4.806468000000], 
[9.525000000000, -2.125240000000, -22.898888000000], 
[9.036480000000, 9.677943000000, -19.073898000000], 
[8.762748000000, 5.029289000000, -12.767447000000], 
[8.177672000000, 3.974357000000, -13.279337000000], 
[0.000000000000, 0.568331000000, -1.854131000000], 
[9.235150000000, 11.318922000000, -13.967331000000], 
[9.525000000000, -4.244345000000, -4.762879000000], 
[0.000000000000, -2.875083000000, -10.015418000000], 
[0.000000000000, -7.781855000000, -8.067550000000], 
[9.525000000000, -3.710040000000, -19.630566000000], 
[0.000000000000, 2.168964000000, -17.928425000000], 
[9.426250000000, 4.674566000000, -8.659210000000], 
[9.525000000000, -9.765967000000, -16.803900000000], 
[0.000000000000, -9.644184000000, -20.480246000000], 
[3.057770000000, 12.596217000000, -14.320280000000], 
[0.346459000000, -11.772135000000, -17.465170000000], 
[0.000000000000, 7.313949000000, -23.082493000000], 
[4.696832000000, 11.241896000000, -6.791551000000], 
[3.132476000000, 11.854981000000, -8.144847000000], 
[0.000000000000, 1.547385000000, -1.034074000000], 
[6.727691000000, -1.801434000000, -25.271587000000], 
[9.525000000000, -6.986945000000, -12.564359000000], 
[1.055598000000, -3.580620000000, -0.515208000000], 
[8.984003000000, 3.966579000000, -16.383266000000], 
[0.000000000000, 7.934934000000, -18.835945000000], 
[8.802100000000, -6.167040000000, -2.613184000000], 
[7.075878000000, -0.878770000000, -10.783907000000], 
[3.180739000000, -2.145602000000, -0.182556000000], 
[0.000000000000, -5.356404000000, -3.967307000000], 
[0.000000000000, -3.505629000000, -6.319813000000], 
[3.888791000000, 12.645952000000, -11.529577000000], 
[0.000000000000, -11.337370000000, -10.248409000000], 
[8.991519000000, 10.852085000000, -8.508882000000], 
[0.000000000000, -3.438360000000, -22.009342000000], 
[8.173517000000, -0.185879000000, -25.149895000000], 
[1.897067000000, 7.731090000000, -22.775726000000], 
[0.595786000000, -2.584927000000, -25.134153000000], 
[1.623121000000, -9.557398000000, -4.336619000000], 
[0.000000000000, 3.222242000000, -7.198571000000], 
[0.000000000000, -10.149204000000, -19.928190000000], 
[2.464809000000, -12.017320000000, -8.592201000000], 
[4.374863000000, -0.558126000000, -0.012270000000], 
[9.161771000000, -3.815598000000, -23.509359000000], 
[9.525000000000, -3.425602000000, -5.195394000000], 
[2.146694000000, -7.190892000000, -23.168098000000], 
[9.525000000000, 6.844970000000, -15.818830000000], 
[9.525000000000, 6.522310000000, -10.324209000000], 
[5.124030000000, 11.694370000000, -17.652950000000], 
[7.500113000000, 10.895798000000, -6.175310000000], 
[9.221930000000, -4.990619000000, -15.704185000000], 
[8.487324000000, 3.170884000000, -9.433120000000], 
[0.000000000000, -3.508197000000, -8.947171000000], 
[7.077056000000, 6.362757000000, -23.691147000000], 
[2.514123000000, -1.216309000000, -0.058379000000], 
[8.128157000000, 2.310775000000, -15.879608000000], 
[8.578128000000, -2.612379000000, -8.780907000000], 
[0.000000000000, 0.229366000000, -21.446169000000], 
[9.525000000000, -8.287688000000, -11.367150000000], 
[0.000000000000, 9.808829000000, -15.956414000000], 
[0.340186000000, 7.338873000000, -2.335110000000], 
[8.162587000000, -4.453134000000, -24.339432000000], 
[4.166641000000, 3.007128000000, -25.038849000000], 
[4.348390000000, 7.507162000000, -22.943659000000], 
[9.174368000000, 4.829972000000, -15.806419000000], 
[9.525000000000, -1.445845000000, -4.179202000000], 
[3.916691000000, -9.443232000000, -4.207923000000], 
[9.525000000000, -9.488964000000, -8.350970000000], 
[7.497973000000, 11.267687000000, -6.840884000000], 
[7.369958000000, 0.203933000000, -15.309400000000], 
[9.525000000000, 9.021282000000, -18.544874000000], 
[0.000000000000, 5.567816000000, -6.151751000000], 
[9.525000000000, 7.773292000000, -17.757246000000], 
[0.000000000000, 9.173372000000, -14.613929000000], 
[8.779488000000, -4.095370000000, -9.730362000000], 
[0.000000000000, 3.184977000000, -23.002668000000], 
[6.736895000000, 9.681812000000, -20.919033000000], 
[8.432185000000, 12.187845000000, -13.040993000000], 
[3.038074000000, -8.409684000000, -22.216681000000], 
[0.000000000000, -8.293863000000, -9.533195000000], 
[8.956329000000, -10.083934000000, -6.829099000000], 
[9.525000000000, 1.821201000000, -18.783234000000], 
[9.525000000000, -6.844970000000, -9.581170000000], 
[9.525000000000, 8.287688000000, -14.032850000000], 
[5.995441000000, 0.422207000000, -25.392981000000], 
[2.453436000000, -8.064631000000, -2.889203000000], 
[3.939874000000, -4.588179000000, -0.857762000000], 
[0.617803000000, -12.192376000000, -16.254711000000], 
[9.525000000000, -8.232190000000, -20.145576000000], 
[0.830317000000, -4.350194000000, -24.631716000000], 
[4.019907000000, 6.753910000000, -23.455217000000], 
[9.233787000000, 4.655531000000, -2.303788000000], 
[1.883481000000, 10.026200000000, -20.495211000000], 
[0.000000000000, -6.107965000000, -11.632322000000], 
[9.525000000000, -4.579612000000, -3.533983000000], 
[7.523158000000, -9.827560000000, -4.655805000000], 
[6.750851000000, -9.102240000000, -21.556593000000], 
[9.525000000000, -0.072751000000, -4.576208000000], 
[6.445220000000, 0.337367000000, -13.657997000000], 
[5.865540000000, 6.043995000000, -23.869608000000], 
[8.912671000000, 3.817322000000, -9.038585000000], 
[0.000000000000, 1.423305000000, -15.605084000000], 
[5.079060000000, 12.178293000000, -16.302662000000], 
[7.924800000000, 1.474380000000, -0.085873000000], 
[8.857975000000, -5.187141000000, -12.979764000000], 
[9.191870000000, 2.351680000000, -17.972300000000], 
[6.656909000000, -5.549947000000, -24.123138000000], 
[9.233712000000, 10.396258000000, -8.044391000000], 
[4.045451000000, 7.369333000000, -23.043257000000], 
[7.427375000000, -0.827093000000, -0.026961000000], 
[9.525000000000, -6.163196000000, -17.384298000000], 
[6.929547000000, 1.321826000000, -0.068976000000], 
[8.533752000000, 4.277568000000, -24.009106000000], 
[0.000000000000, -0.702921000000, -18.740091000000], 
[1.680338000000, -12.061026000000, -16.677645000000], 
[0.000000000000, 0.345879000000, -2.510960000000], 
[7.099535000000, 2.083308000000, -13.227170000000], 
[0.000000000000, 8.226093000000, -5.845486000000], 
[7.501372000000, -6.195543000000, -23.786264000000], 
[8.326548000000, 1.231523000000, -16.792957000000], 
[0.000000000000, 9.277434000000, -12.584605000000], 
[9.435535000000, -5.072518000000, -9.143583000000], 
[4.776390000000, -10.335131000000, -20.080723000000], 
[0.709083000000, -12.243980000000, -9.327322000000], 
[0.000000000000, -0.371661000000, -0.373167000000], 
[8.560165000000, 11.617345000000, -9.445356000000], 
[8.711513000000, -3.352816000000, -16.329340000000], 
[0.000000000000, -6.770100000000, -8.052372000000], 
[9.525000000000, -3.162210000000, -19.308430000000], 
[0.000000000000, -2.250216000000, -21.818789000000], 
[3.208267000000, 12.251452000000, -9.354567000000], 
[9.525000000000, 7.288697000000, -18.489462000000], 
[0.000000000000, -10.441186000000, -7.901419000000], 
[0.730638000000, 12.674577000000, -11.896815000000], 
[8.994237000000, 5.312878000000, -11.574948000000], 
[9.525000000000, -8.166332000000, -7.050676000000], 
[9.525000000000, -1.222727000000, -23.097399000000], 
[4.972182000000, 4.822016000000, -24.448963000000], 
[0.362250000000, 12.552896000000, -10.772619000000], 
[3.253960000000, 6.616284000000, -1.859576000000], 
[0.000000000000, -4.822638000000, -15.207199000000], 
[0.807214000000, -2.934394000000, -25.056349000000], 
[4.496714000000, -1.887556000000, -25.258945000000], 
[0.000000000000, 2.325176000000, -6.464960000000], 
[9.525000000000, -9.300856000000, -14.072368000000], 
[3.887515000000, 12.681320000000, -13.388564000000], 
[0.000000000000, 3.160567000000, -19.525272000000], 
[0.000000000000, -3.085402000000, -10.334040000000], 
[0.000000000000, -4.242552000000, -10.014895000000], 
[5.565467000000, -10.328346000000, -20.090216000000], 
[7.076281000000, -6.682284000000, -23.499865000000], 
[6.740700000000, -4.185076000000, -0.709373000000], 
[0.000000000000, 6.336872000000, -15.561327000000], 
[0.842267000000, 1.731511000000, -25.281410000000], 
[0.000000000000, 11.427025000000, -13.732387000000], 
[0.000000000000, 8.550519000000, -16.838482000000], 
[8.923272000000, 11.031585000000, -16.602547000000], 
[0.000000000000, -7.416501000000, -11.369564000000], 
[0.000000000000, -7.004833000000, -3.192481000000], 
[6.735026000000, -12.683744000000, -12.057631000000], 
[8.369810000000, 4.025015000000, -11.052464000000], 
[5.428051000000, -1.211540000000, -0.057921000000], 
[0.000000000000, 4.066594000000, -18.813452000000], 
[0.000000000000, 10.742806000000, -5.926366000000], 
[0.428806000000, -7.736212000000, -22.771793000000], 
[0.000000000000, -1.824014000000, -22.492966000000], 
[6.737898000000, 12.624674000000, -11.318841000000], 
[9.525000000000, -9.397397000000, -11.043527000000], 
[0.000000000000, 4.227765000000, -15.097296000000], 
[0.000000000000, 0.359462000000, -0.894697000000], 
[3.131572000000, -3.912737000000, -24.782240000000], 
[6.567815000000, -1.690812000000, -0.113056000000], 
[8.961151000000, 11.153830000000, -9.289314000000], 
[4.153881000000, -10.537066000000, -19.789446000000], 
[6.736374000000, -1.509772000000, -12.524330000000], 
[9.525000000000, -5.451006000000, -3.701995000000], 
[5.469760000000, -10.904970000000, -6.190651000000], 
[5.633872000000, -11.678407000000, -7.709528000000], 
[0.000000000000, -11.067704000000, -16.462879000000], 
[3.924626000000, 8.665309000000, -3.415475000000], 
[9.525000000000, 2.062118000000, -6.058650000000], 
[0.000000000000, -4.433229000000, -13.479060000000], 
[7.543029000000, -5.851395000000, -1.428302000000], 
[9.525000000000, 9.248070000000, -13.466842000000], 
[0.000000000000, -11.501092000000, -15.338388000000], 
[5.457057000000, -11.080910000000, -6.494886000000], 
[0.000000000000, -9.338083000000, -11.601394000000], 
[4.527422000000, -3.170234000000, -0.402048000000], 
[8.712723000000, -5.636841000000, -23.193979000000], 
[7.680537000000, 0.393492000000, -9.569336000000], 
[9.525000000000, 8.393585000000, -7.522487000000], 
[7.339002000000, 2.540901000000, -13.041449000000], 
[8.977209000000, 6.239822000000, -2.864808000000], 
[5.974264000000, 6.856538000000, -23.390083000000], 
[8.906582000000, 5.221517000000, -11.923974000000], 
[0.000000000000, 8.881304000000, -3.621870000000], 
[8.485485000000, 1.018575000000, -24.796507000000], 
[7.524496000000, 12.668524000000, -13.593584000000], 
[0.000000000000, -11.344426000000, -11.754158000000], 
[6.399421000000, 6.154036000000, -1.590642000000], 
[0.000000000000, -7.855528000000, -20.675016000000], 
[0.000000000000, -7.939683000000, -14.787777000000], 
[8.482892000000, -0.735853000000, -0.580410000000], 
[0.000000000000, -4.759739000000, -14.270208000000], 
[9.525000000000, 2.593580000000, -2.183719000000], 
[4.724802000000, 9.088889000000, -3.829708000000], 
[8.173334000000, -2.363662000000, -24.925060000000], 
[9.525000000000, -8.062817000000, -9.292375000000], 
[0.000000000000, 8.711211000000, -9.227855000000], 
[0.000000000000, -5.477890000000, -14.388389000000], 
[8.572653000000, 9.745286000000, -5.608903000000], 
[6.325039000000, -9.408503000000, -4.169462000000], 
[0.000000000000, -1.958525000000, -14.320996000000], 
[8.722290000000, -4.914995000000, -12.035845000000], 
[0.000000000000, 7.571408000000, -21.970539000000], 
[0.000000000000, 8.615020000000, -13.728868000000], 
[0.000000000000, 2.940370000000, -18.056229000000], 
[2.286328000000, -3.196883000000, -0.408949000000], 
[1.123881000000, 12.558457000000, -10.809194000000], 
[3.042212000000, 12.131956000000, -16.455748000000], 
[7.604856000000, -0.512942000000, -25.389637000000], 
[9.525000000000, 6.530507000000, -15.548473000000], 
[0.948028000000, -9.020656000000, -3.760326000000], 
[0.000000000000, -0.706093000000, -22.858030000000], 
[3.247827000000, 7.836270000000, -22.694141000000], 
[8.431325000000, 12.189907000000, -12.405012000000], 
[0.000000000000, 3.173985000000, -13.603027000000], 
[0.000000000000, 8.882225000000, -6.728385000000], 
[7.924800000000, 4.688918000000, -24.502714000000], 
[6.737748000000, -7.945604000000, -2.792560000000], 
[0.000000000000, 9.751139000000, -17.759756000000], 
[9.273688000000, -5.910404000000, -12.925773000000], 
[0.660907000000, -8.061664000000, -2.886765000000], 
[9.525000000000, -4.135166000000, -18.004396000000], 
[0.000000000000, 2.823947000000, -17.494997000000], 
[8.460701000000, 7.006767000000, -2.756634000000], 
[0.000000000000, 3.920541000000, -3.657895000000], 
[3.602182000000, 0.000000000000, -25.400000000000], 
[9.525000000000, 10.358118000000, -8.710646000000], 
[0.000000000000, -1.472039000000, -6.402000000000], 
[0.000000000000, 3.886556000000, -16.913532000000], 
[3.507549000000, -6.743221000000, -1.938078000000], 
[8.576594000000, 1.580439000000, -24.644098000000], 
[2.438629000000, -0.929452000000, -25.365944000000], 
[9.070180000000, 2.423337000000, -17.706577000000], 
[0.000000000000, 6.001457000000, -5.817901000000], 
[0.641969000000, -6.056008000000, -23.863098000000], 
[9.525000000000, 3.481460000000, -5.964587000000], 
[7.924800000000, 0.738439000000, -25.378513000000], 
[8.767861000000, 9.895850000000, -6.168603000000], 
[8.181485000000, -1.658939000000, -0.367766000000], 
[2.164730000000, -8.709772000000, -3.457172000000], 
[6.318997000000, 12.626795000000, -14.061630000000], 
[7.924800000000, -12.700000000000, -12.700000000000], 
[7.059060000000, -0.891980000000, -25.368637000000], 
[8.320458000000, -0.601910000000, -8.479028000000], 
[8.368624000000, -3.487968000000, -15.294481000000], 
[0.000000000000, 7.585256000000, -14.001717000000], 
[8.679502000000, -11.093416000000, -8.269846000000], 
[0.000000000000, -5.045352000000, -2.828477000000], 
[6.356208000000, -9.756296000000, -20.830479000000], 
[3.234872000000, 6.960229000000, -23.322863000000], 
[9.525000000000, 6.167229000000, -16.511234000000], 
[0.000000000000, -2.801281000000, -4.825187000000], 
[9.194847000000, 6.135636000000, -22.343536000000], 
[6.360899000000, -11.843025000000, -17.286148000000], 
[8.803849000000, 10.085649000000, -18.865597000000], 
[9.525000000000, 8.691485000000, -11.577649000000], 
[6.705389000000, 11.865500000000, -8.172317000000], 
[9.266283000000, -11.258772000000, -11.198012000000], 
[9.471704000000, -5.633389000000, -9.975374000000], 
[6.192752000000, 11.909724000000, -17.110041000000], 
[0.704210000000, 10.089668000000, -4.987114000000], 
[9.402942000000, -4.028134000000, -8.067893000000], 
[0.000000000000, -5.967053000000, -16.714342000000], 
[2.551087000000, -10.247254000000, -5.197748000000], 
[9.525000000000, 6.253529000000, -11.597334000000], 
[4.613840000000, 5.772272000000, -24.012423000000], 
[2.582402000000, 2.686624000000, -0.287424000000], 
[1.046690000000, 3.288355000000, -24.966894000000], 
[0.000000000000, -1.228444000000, -4.170226000000], 
[0.729268000000, -10.738763000000, -5.919958000000], 
[9.525000000000, 0.486508000000, -20.208822000000], 
[4.313642000000, -11.387909000000, -18.321880000000], 
[0.000000000000, -5.195736000000, -14.678513000000], 
[0.000000000000, -7.245967000000, -3.030011000000], 
[9.525000000000, -3.059026000000, -21.188477000000], 
[9.525000000000, 9.653804000000, -13.016682000000], 
[8.991519000000, 4.191118000000, -23.552086000000], 
[1.269212000000, -4.458283000000, -24.591749000000], 
[0.919495000000, 12.019286000000, -16.802044000000], 
[9.525000000000, -4.282062000000, -3.591616000000], 
[9.525000000000, -4.211257000000, -5.438701000000], 
[1.314351000000, 11.102090000000, -18.867138000000], 
[0.000000000000, 6.121214000000, -13.988736000000], 
[9.041783000000, -3.507577000000, -16.953299000000], 
[9.525000000000, -5.830672000000, -10.184893000000], 
[8.643420000000, -1.192275000000, -8.026630000000], 
[9.525000000000, -9.937597000000, -15.087222000000], 
[1.952848000000, -3.625355000000, -24.871557000000], 
[5.988988000000, -4.882819000000, -24.423824000000], 
[0.000000000000, 9.835326000000, -10.376211000000], 
[3.476393000000, -1.106178000000, -0.048266000000], 
[9.525000000000, 9.151136000000, -6.418100000000], 
[0.000000000000, -5.206600000000, -21.837967000000], 
[9.525000000000, 6.852814000000, -18.825193000000], 
[0.000000000000, -0.611958000000, -25.029043000000], 
[3.832257000000, -9.348807000000, -21.295919000000], 
[0.360986000000, -0.757765000000, -0.022627000000], 
[8.581402000000, -6.178255000000, -23.037920000000], 
[5.601504000000, 8.697271000000, -21.954592000000], 
[0.000000000000, -5.830750000000, -2.682891000000], 
[7.924800000000, -5.367252000000, -24.210110000000], 
[6.663063000000, 11.991286000000, -16.883188000000], 
[0.000000000000, -1.032183000000, -3.129443000000], 
[0.000000000000, -10.242101000000, -8.699174000000], 
[9.525000000000, 6.589864000000, -4.211560000000], 
[0.703291000000, 12.454235000000, -15.186371000000], 
[0.000000000000, -9.816339000000, -13.261725000000], 
[0.813648000000, 0.974971000000, -25.362520000000], 
[6.443875000000, -0.706122000000, -13.426801000000], 
[0.000000000000, 1.631332000000, -12.816169000000], 
[3.885876000000, -2.458831000000, -0.240299000000], 
[4.310346000000, -11.835474000000, -17.305601000000], 
[8.208918000000, -12.383878000000, -13.590886000000], 
[8.654747000000, -7.736335000000, -3.565926000000], 
[0.000000000000, 6.116529000000, -4.929715000000], 
[0.000000000000, -0.074331000000, -10.918152000000], 
[9.525000000000, -9.820698000000, -8.636042000000], 
[9.525000000000, -2.195233000000, -20.978712000000], 
[7.278353000000, 11.019387000000, -19.013723000000], 
[6.628610000000, 1.316912000000, -12.491562000000], 
[9.525000000000, -2.166275000000, -6.131300000000], 
[0.000000000000, -4.544168000000, -1.886776000000], 
[1.406471000000, 12.699816000000, -12.631719000000], 
[8.211136000000, -0.793992000000, -8.703794000000], 
[5.659228000000, -9.438860000000, -21.196936000000], 
[9.525000000000, -6.507847000000, -20.848557000000], 
[8.393714000000, 4.217578000000, -13.920246000000], 
[0.884424000000, -12.698078000000, -12.479073000000], 
[0.000000000000, 10.173133000000, -5.595567000000], 
[0.000000000000, 10.478568000000, -12.771223000000], 
[0.000000000000, 1.859060000000, -2.279799000000], 
[5.510280000000, -12.471056000000, -15.100577000000], 
[3.302113000000, -0.870112000000, -25.370157000000], 
[6.423434000000, -6.491544000000, -1.784421000000], 
[9.525000000000, -8.359066000000, -7.860043000000], 
[1.996230000000, -1.557545000000, -0.095872000000], 
[7.529678000000, -12.664195000000, -11.747025000000], 
[0.000000000000, -5.065726000000, -5.774926000000], 
[9.525000000000, 0.981081000000, -5.955294000000], 
[0.000000000000, 9.910920000000, -12.064479000000], 
[4.630237000000, -11.848855000000, -8.128934000000], 
[6.281908000000, -4.395033000000, -0.784729000000], 
[0.000000000000, 1.496926000000, -4.754639000000], 
[0.000000000000, 7.671126000000, -17.455374000000], 
[9.525000000000, 3.315227000000, -3.531220000000], 
[9.525000000000, 0.579139000000, -4.396153000000], 
[4.264852000000, -11.979377000000, -8.482831000000], 
[9.525000000000, -6.469161000000, -6.241770000000], 
[4.086566000000, 11.620623000000, -17.823586000000], 
[9.525000000000, 3.203197000000, -21.236547000000], 
[0.000000000000, 10.394733000000, -18.992100000000], 
[9.525000000000, 7.133141000000, -14.481166000000], 
[4.601707000000, 6.727139000000, -23.471981000000], 
[0.000000000000, -0.491632000000, -18.570589000000], 
[9.436979000000, 5.996869000000, -11.135676000000], 
[4.020874000000, 9.760915000000, -20.824932000000], 
[8.956166000000, 11.517765000000, -14.570325000000], 
[1.134411000000, -11.639325000000, -7.619043000000], 
[4.321872000000, -9.330124000000, -4.083807000000], 
[7.158654000000, -1.690938000000, -11.213598000000], 
[3.114840000000, -2.409701000000, -0.230704000000], 
[0.000000000000, -9.384490000000, -8.804879000000], 
[9.525000000000, 8.232190000000, -5.254424000000], 
[0.000000000000, 11.117959000000, -12.762490000000], 
[0.000000000000, 6.791818000000, -9.909976000000], 
[2.278687000000, 2.579820000000, -25.135214000000], 
[9.525000000000, 8.704989000000, -8.371726000000], 
[9.525000000000, -1.914550000000, -21.597174000000], 
[7.117784000000, -12.517081000000, -14.847716000000], 
[6.605987000000, 12.120604000000, -16.492226000000], 
[9.231717000000, 10.941726000000, -9.524947000000], 
[8.533674000000, -11.309222000000, -8.422521000000], 
[0.000000000000, 3.756303000000, -16.622316000000], 
[0.747453000000, 1.308542000000, -0.067593000000], 
[8.645124000000, 2.356655000000, -16.911478000000], 
[0.335395000000, -7.469083000000, -2.428544000000], 
[8.353195000000, 4.849814000000, -23.972605000000], 
[0.000000000000, 8.431327000000, -11.535162000000], 
[8.794723000000, 8.303455000000, -21.126348000000], 
[8.718411000000, 10.336417000000, -6.790636000000], 
[8.700541000000, 3.363366000000, -16.293579000000], 
[9.223504000000, 6.948415000000, -3.660692000000], 
[8.908374000000, 5.347761000000, -23.124783000000], 
[5.580885000000, 11.465248000000, -18.162424000000], 
[9.525000000000, 5.064221000000, -17.764515000000], 
[9.525000000000, -7.950431000000, -16.375795000000], 
[4.396599000000, -1.006221000000, -25.360077000000], 
[1.775183000000, 10.527780000000, -19.803228000000], 
[1.636640000000, -6.119196000000, -1.571414000000], 
[5.198965000000, -9.102280000000, -21.556553000000], 
[9.525000000000, 0.692148000000, -20.462049000000], 
[9.525000000000, 8.897173000000, -10.785450000000], 
[9.525000000000, -7.856887000000, -9.558805000000], 
[9.525000000000, 7.842977000000, -5.912240000000], 
[9.525000000000, -5.086405000000, -21.976782000000], 
[1.934705000000, 12.340803000000, -15.699097000000], 
[4.284215000000, 12.077684000000, -16.626774000000], 
[0.000000000000, -0.040897000000, -18.403276000000], 
[0.000000000000, -2.430115000000, -23.020967000000], 
[0.000000000000, -7.278958000000, -4.433168000000], 
[9.525000000000, 3.037041000000, -4.536967000000], 
[8.908716000000, 10.424548000000, -18.047466000000], 
[9.525000000000, 7.196502000000, -12.531373000000], 
[4.530044000000, -8.684454000000, -3.433379000000], 
[7.363123000000, -0.514840000000, -15.254147000000], 
[0.000000000000, -6.654326000000, -18.014753000000], 
[2.646221000000, 7.516522000000, -22.936790000000], 
[9.525000000000, -3.641010000000, -2.214362000000], 
[9.525000000000, -6.307064000000, -11.962810000000], 
[9.525000000000, 0.055622000000, -3.196295000000], 
[0.000000000000, 4.406995000000, -20.318670000000], 
[0.000000000000, 1.137585000000, -16.072285000000], 
[9.525000000000, 4.662836000000, -8.037189000000], 
[3.149753000000, 4.312242000000, -24.645483000000], 
[0.000000000000, -6.556224000000, -8.341547000000], 
[0.000000000000, -4.287402000000, -6.911606000000], 
[9.525000000000, 7.083579000000, -7.801829000000], 
[3.446314000000, 1.141793000000, -25.348570000000], 
[0.342866000000, -1.343317000000, -25.328756000000], 
[0.000000000000, -6.482665000000, -12.926744000000], 
[5.130818000000, 8.707279000000, -3.454823000000], 
[9.525000000000, -7.707728000000, -14.215556000000], 
[9.525000000000, 5.770765000000, -7.697646000000], 
[2.121077000000, -5.526548000000, -24.134478000000], 
[0.000000000000, -5.795266000000, -14.645450000000], 
[9.525000000000, 0.615986000000, -20.731489000000], 
[0.998315000000, -11.723587000000, -7.816609000000], 
[9.525000000000, 3.274447000000, -19.265556000000], 
[7.924800000000, 12.437626000000, -15.268163000000], 
[9.161771000000, 10.809359000000, -16.515598000000], 
[0.000000000000, 2.603847000000, -10.769645000000], 
[8.183738000000, 6.037467000000, -23.577913000000], 
[0.000000000000, -0.912803000000, -16.691177000000], 
[5.442136000000, 3.984268000000, -24.758839000000], 
[9.134162000000, 0.983762000000, -7.112899000000], 
[5.982784000000, -6.653727000000, -1.882518000000], 
[9.525000000000, -0.408898000000, -5.481007000000], 
[9.525000000000, 5.972607000000, -3.344064000000], 
[8.191201000000, 1.467644000000, -8.936233000000], 
[8.885363000000, -2.778375000000, -1.294080000000], 
[0.661735000000, 8.153328000000, -22.437208000000], 
[9.134944000000, 5.635656000000, -13.361996000000], 
[6.816711000000, -12.295936000000, -9.521956000000], 
[0.000000000000, 12.431446000000, -12.730711000000], 
[0.000000000000, -2.345454000000, -3.842438000000], 
[0.000000000000, -2.879512000000, -0.615974000000], 
[0.000000000000, 1.920482000000, -8.631856000000], 
[0.000000000000, -1.434929000000, -15.422283000000], 
[9.525000000000, -6.495729000000, -10.930295000000], 
[4.528938000000, 8.684297000000, -3.433232000000], 
[1.441574000000, -10.209767000000, -20.253187000000], 
[0.000000000000, -4.207045000000, -20.191235000000], 
[9.525000000000, 7.713855000000, -7.263701000000], 
[0.000000000000, -9.010263000000, -11.845091000000], 
[9.525000000000, 5.664550000000, -5.908974000000], 
[8.323808000000, -2.124995000000, -8.996920000000], 
[9.070510000000, -5.028833000000, -2.297478000000], 
[4.555810000000, 6.282235000000, -1.662630000000], 
[9.525000000000, 6.757632000000, -20.930071000000], 
[9.426787000000, 6.026825000000, -14.066901000000], 
[0.000000000000, 11.715527000000, -14.691692000000], 
[9.411797000000, -6.037791000000, -13.889913000000], 
[0.743713000000, 2.255618000000, -25.198088000000], 
[8.399474000000, -12.225289000000, -12.669872000000], 
[0.000000000000, -5.090825000000, -17.313433000000], 
[9.525000000000, -3.283254000000, -21.021566000000], 
[5.964040000000, 7.485697000000, -22.959354000000], 
[1.076824000000, 12.683369000000, -13.349723000000], 
[2.239168000000, 10.671515000000, -19.585402000000], 
[9.411313000000, -5.943053000000, -11.106067000000], 
[0.000000000000, 6.651560000000, -12.921459000000], 
[0.000000000000, 8.768744000000, -6.967800000000], 
[0.000000000000, 8.706755000000, -4.442153000000], 
[4.313213000000, -9.815992000000, -4.641694000000], 
[8.925387000000, 3.223083000000, -8.478255000000], 
[0.000000000000, 9.347504000000, -9.421649000000], 
[7.528828000000, -8.583158000000, -22.060522000000], 
[7.235101000000, 1.768764000000, -11.101916000000], 
[4.764045000000, -4.766779000000, -0.928517000000], 
[6.708805000000, 12.489567000000, -15.002327000000], 
[0.000000000000, 9.006637000000, -12.567903000000], 
[9.046367000000, 5.458289000000, -11.870340000000], 
[5.587397000000, -12.395236000000, -9.934476000000], 
[9.525000000000, -6.867046000000, -15.648763000000], 
[4.768578000000, 5.450838000000, -1.229239000000], 
[1.114628000000, -9.438020000000, -21.197868000000], 
[2.336068000000, -8.328309000000, -3.112025000000], 
[0.000000000000, -1.673469000000, -21.648043000000], 
[8.831879000000, 2.937181000000, -8.470330000000], 
[9.525000000000, -8.557527000000, -12.006053000000], 
[4.087638000000, -1.867046000000, -25.262012000000], 
[5.876790000000, 4.347434000000, -24.632721000000], 
[1.552404000000, -3.986311000000, -24.758163000000], 
[0.000000000000, 9.651961000000, -17.489365000000], 
[5.148854000000, -12.613029000000, -11.216253000000], 
[2.800078000000, -12.502163000000, -10.467085000000], 
[8.980344000000, 6.633640000000, -22.270172000000], 
[8.823743000000, -11.529297000000, -15.217989000000], 
[9.525000000000, -7.668241000000, -7.947194000000], 
[0.000000000000, -6.692434000000, -20.328993000000], 
[3.463280000000, 12.378168000000, -9.859055000000], 
[1.486349000000, -9.779811000000, -20.802177000000], 
[9.525000000000, 10.945183000000, -10.853777000000], 
[8.409484000000, -7.806905000000, -3.304992000000], 
[5.211594000000, 10.650594000000, -19.617720000000], 
[9.525000000000, 7.144183000000, -18.729923000000], 
[0.000000000000, 7.890113000000, -21.096310000000], 
[3.132389000000, 12.318705000000, -9.611391000000], 
[0.000000000000, -2.714905000000, -17.643946000000], 
[4.743512000000, -7.397585000000, -2.376932000000], 
[0.000000000000, -6.097568000000, -20.503105000000], 
[3.491336000000, -10.718973000000, -19.511286000000], 
[0.000000000000, -6.992077000000, -18.496691000000], 
[7.804093000000, -3.322187000000, -12.138511000000], 
[9.525000000000, -6.311407000000, -21.362782000000], 
[9.525000000000, 8.428799000000, -10.858940000000], 
[0.393890000000, 0.537665000000, -25.388615000000], 
[9.525000000000, -4.879179000000, -17.578991000000], 
[8.175015000000, 11.059828000000, -6.983588000000], 
[0.000000000000, 11.986843000000, -13.883008000000], 
[4.081416000000, 11.898408000000, -17.140484000000], 
[0.000000000000, -1.288855000000, -20.107433000000], 
[9.525000000000, -8.667508000000, -17.399792000000], 
[0.000000000000, 1.835660000000, -4.735080000000], 
[6.914749000000, 0.313641000000, -0.003873000000], 
[9.525000000000, 7.762050000000, -13.392148000000], 
[0.000000000000, -11.932387000000, -11.660551000000], 
[7.163771000000, -5.999077000000, -1.506204000000], 
[9.525000000000, 1.922459000000, -19.553152000000], 
[0.000000000000, 4.443020000000, -6.910892000000], 
[7.533818000000, 1.003421000000, -9.977879000000], 
[9.525000000000, -8.366880000000, -17.229004000000], 
[0.362195000000, 2.057226000000, -25.232271000000], 
[1.080779000000, 11.791569000000, -7.983126000000], 
[1.023020000000, 12.381959000000, -9.875626000000], 
[0.000000000000, -0.694189000000, -13.704493000000], 
[0.000000000000, -1.429176000000, -2.685182000000], 
[9.342632000000, -6.031980000000, -12.538954000000], 
[0.000000000000, -9.074056000000, -11.094396000000], 
[0.000000000000, -3.256581000000, -11.271293000000], 
[5.574184000000, 9.203037000000, -21.451805000000], 
[7.421478000000, 2.678383000000, -12.310247000000], 
[0.343487000000, -6.055184000000, -23.863544000000], 
[0.000000000000, -2.732125000000, -19.817888000000], 
[8.388489000000, -12.140644000000, -11.172891000000], 
[0.000000000000, 5.076506000000, -9.586841000000], 
[1.230277000000, -8.305386000000, -22.307838000000], 
[0.000000000000, 2.285256000000, -15.822201000000], 
[9.085251000000, 11.538063000000, -12.514838000000], 
[0.000000000000, -11.393828000000, -9.017990000000], 
[9.254780000000, 5.094388000000, -15.640193000000], 
[8.975074000000, 0.000000000000, -18.097500000000], 
[7.528958000000, -11.994582000000, -8.526271000000], 
[6.371896000000, -12.484141000000, -10.368427000000], 
[8.870203000000, -1.656129000000, -24.337343000000], 
[9.308993000000, -9.664304000000, -18.586317000000], 
[0.000000000000, 5.724304000000, -24.036770000000], 
[0.874164000000, -7.621066000000, -2.540800000000], 
[8.704989000000, 11.787378000000, -10.928104000000], 
[9.525000000000, 2.576332000000, -22.511133000000], 
[3.878481000000, 12.031158000000, -8.632908000000], 
[4.334610000000, -7.977209000000, -2.817989000000], 
[9.525000000000, -6.853152000000, -10.777541000000], 
[0.000000000000, 3.054416000000, -24.092911000000], 
[4.240036000000, 4.237111000000, -24.672338000000], 
[2.009528000000, 11.701723000000, -7.764447000000], 
[6.067864000000, 1.408920000000, -25.321606000000], 
[0.000000000000, -7.659216000000, -14.511107000000], 
[7.208380000000, -0.861513000000, -10.527056000000], 
[9.482525000000, 1.283432000000, -18.843809000000], 
[0.000000000000, 8.857548000000, -13.942324000000], 
[0.000000000000, 9.520272000000, -21.105618000000], 
[2.464130000000, -12.581660000000, -14.429692000000], 
[6.543504000000, -0.526272000000, -13.762729000000], 
[9.525000000000, -5.232189000000, -17.931963000000], 
[1.943976000000, -12.672667000000, -11.867222000000], 
[9.525000000000, 0.306153000000, -21.688948000000], 
[0.000000000000, -6.053120000000, -23.864664000000], 
[8.733212000000, 11.291019000000, -8.968679000000], 
[9.525000000000, -9.457649000000, -7.971118000000], 
[6.822942000000, 0.181006000000, -11.039941000000], 
[1.001871000000, -0.619050000000, -0.015097000000], 
[0.000000000000, -2.518061000000, -8.314924000000], 
[7.077056000000, -6.362757000000, -23.691149000000], 
[4.080112000000, 12.021234000000, -16.796333000000], 
[7.924800000000, -4.688918000000, -24.502714000000], 
[0.000000000000, -8.126148000000, -14.216663000000], 
[0.000000000000, -4.747864000000, -13.295048000000], 
[9.525000000000, 6.083233000000, -10.878799000000], 
[9.525000000000, 3.283254000000, -4.378434000000], 
[7.471913000000, 1.586162000000, -10.399948000000], 
[9.525000000000, -8.926870000000, -10.117653000000], 
[9.435063000000, 5.019375000000, -9.070358000000], 
[3.685020000000, 3.562617000000, -24.890068000000], 
[7.528495000000, -12.686568000000, -12.116051000000], 
[0.000000000000, -1.957069000000, -23.516251000000], 
[1.191696000000, -12.432973000000, -15.290593000000], 
[9.525000000000, -0.138733000000, -20.562056000000], 
[8.803849000000, -10.085649000000, -6.534404000000], 
[9.525000000000, -0.766842000000, -3.451930000000], 
[8.737161000000, 1.072789000000, -0.860866000000], 
[0.000000000000, 0.594069000000, -21.450377000000], 
[0.342866000000, 1.343317000000, -25.328756000000], 
[0.000000000000, -0.707262000000, -11.225217000000], 
[6.432631000000, -0.523862000000, -11.855413000000], 
[0.000000000000, 5.830722000000, -12.491856000000], 
[0.000000000000, -11.441755000000, -13.433390000000], 
[1.258968000000, 7.043320000000, -2.132046000000], 
[6.644605000000, 3.071661000000, -25.022942000000], 
[0.000000000000, 0.128989000000, -1.091045000000], 
[9.525000000000, 1.225000000000, -19.677658000000], 
[4.284097000000, 11.761960000000, -7.909771000000], 
[4.735285000000, -11.307085000000, -18.482718000000], 
[0.000000000000, 8.656407000000, -11.062595000000], 
[9.309691000000, -7.163958000000, -3.941610000000], 
[0.000000000000, 1.535982000000, -24.629959000000], 
[9.525000000000, 0.370900000000, -1.606399000000], 
[7.361564000000, -1.721935000000, -14.651822000000], 
[0.000000000000, 3.480769000000, -0.486309000000], 
[2.784775000000, -7.247559000000, -2.271055000000], 
[7.353616000000, 1.685364000000, -10.734615000000], 
[9.525000000000, -7.862056000000, -12.838733000000], 
[9.525000000000, -5.332358000000, -21.383654000000], 
[3.499473000000, 8.240630000000, -3.036563000000], 
[8.877403000000, 10.792219000000, -17.339973000000], 
[9.525000000000, 4.036566000000, -19.460056000000], 
[9.525000000000, 1.545924000000, -19.658609000000], 
[0.000000000000, 3.261850000000, -4.562239000000], 
[0.963131000000, 12.602682000000, -14.269203000000], 
[0.000000000000, 4.197558000000, -2.458356000000], 
[1.289775000000, -11.725057000000, -7.820139000000], 
[4.564254000000, 2.277730000000, -25.194077000000], 
[0.000000000000, -6.080645000000, -18.075251000000], 
[8.706038000000, -8.149096000000, -4.002350000000], 
[0.000000000000, 2.490206000000, -12.165849000000], 
[8.644668000000, 9.366293000000, -20.169680000000], 
[1.303131000000, -6.493969000000, -23.614136000000], 
[9.525000000000, 5.674567000000, -15.549875000000], 
[0.000000000000, -4.290562000000, -19.902756000000], 
[0.000000000000, -3.836167000000, -0.593232000000], 
[8.147014000000, 5.090884000000, -24.092016000000], 
[8.163775000000, -3.052530000000, -24.781359000000], 
[0.000000000000, -8.881304000000, -3.621870000000], 
[9.525000000000, 4.216582000000, -19.187683000000], 
[5.468687000000, 12.222183000000, -16.150831000000], 
[4.495995000000, 10.381737000000, -5.384978000000], 
[9.525000000000, -7.049196000000, -20.849201000000], 
[3.952191000000, -0.616461000000, -0.014970000000], 
[6.126992000000, -11.264415000000, -6.834596000000], 
[9.525000000000, 0.044545000000, -21.154919000000], 
[1.113734000000, 10.541485000000, -5.617127000000], 
[9.525000000000, -5.316968000000, -4.610452000000], 
[9.525000000000, -9.400297000000, -17.170523000000], 
[0.000000000000, 5.640034000000, -21.842703000000], 
[5.538475000000, -2.613469000000, -0.271815000000], 
[0.000000000000, -3.780565000000, -13.460899000000], 
[0.000000000000, 9.817471000000, -6.336727000000], 
[1.160516000000, 1.774688000000, -25.275393000000], 
[4.684058000000, 11.069057000000, -6.473768000000], 
[7.160557000000, 12.425496000000, -10.073774000000], 
[9.525000000000, -2.171828000000, -6.732952000000], 
[1.327450000000, 12.383927000000, -9.884267000000], 
[1.614926000000, 1.694033000000, -0.113489000000], 
[8.686530000000, -7.170744000000, -22.244776000000], 
[0.000000000000, 5.135691000000, -8.968722000000], 
[9.525000000000, -7.780095000000, -13.850544000000], 
[8.184526000000, 1.658944000000, -25.029165000000], 
[0.000000000000, 2.615274000000, -3.051600000000], 
[2.172168000000, 5.348749000000, -1.181281000000], 
[0.000000000000, 5.256873000000, -22.678038000000], 
[0.000000000000, -2.688857000000, -8.873473000000], 
[9.525000000000, 4.380971000000, -6.659548000000], 
[9.362103000000, -1.338228000000, -18.618446000000], 
[0.000000000000, -7.605393000000, -20.715803000000], 
[7.414492000000, -0.994508000000, -10.195753000000], 
[0.000000000000, -0.389610000000, -15.150182000000], 
[9.059819000000, 8.316587000000, -4.663634000000], 
[3.471013000000, -10.027645000000, -4.906648000000], 
[7.924800000000, 12.507058000000, -10.494668000000], 
[5.548536000000, 2.972096000000, -0.352666000000], 
[5.264013000000, 3.068555000000, -25.023716000000], 
[8.176102000000, -3.385730000000, -24.679438000000], 
[4.912196000000, 2.431542000000, -25.165054000000], 
[6.773315000000, -0.507431000000, -11.199539000000], 
[7.524144000000, 9.589314000000, -4.373233000000], 
[6.272289000000, 10.748837000000, -5.935940000000], 
[0.000000000000, -3.262807000000, -5.807114000000], 
[7.864572000000, 0.723959000000, -9.302215000000], 
[5.145864000000, -3.160819000000, -0.399625000000], 
[6.032142000000, -11.462512000000, -18.168163000000], 
[1.873016000000, -12.668109000000, -13.599454000000], 
[0.000000000000, -0.543285000000, -18.975992000000], 
[9.244340000000, -6.613049000000, -21.961882000000], 
[8.520259000000, -2.939683000000, -0.957846000000], 
[9.525000000000, 9.573784000000, -17.696392000000], 
[0.000000000000, 8.996253000000, -7.944471000000], 
[9.240174000000, 9.264193000000, -6.083020000000], 
[8.955304000000, -5.871741000000, -2.615368000000], 
[8.548000000000, -12.003876000000, -14.025159000000], 
[0.000000000000, 3.773296000000, -7.654478000000], 
[0.000000000000, -10.321741000000, -12.903360000000], 
[9.525000000000, -5.770765000000, -17.702354000000], 
[7.554165000000, -2.364467000000, -10.958788000000], 
[9.290521000000, -5.113544000000, -9.669940000000], 
[4.414149000000, -3.349701000000, -24.950287000000], 
[1.033886000000, -9.179360000000, -3.923364000000], 
[7.924800000000, -3.642401000000, -24.866467000000], 
[0.000000000000, -1.206650000000, -15.089956000000], 
[0.000000000000, -0.111794000000, -4.564153000000], 
[9.525000000000, 7.945691000000, -12.209550000000], 
[6.743164000000, -7.651172000000, -2.563454000000], 
[8.443943000000, 11.582090000000, -16.472063000000], 
[5.994067000000, 4.531198000000, -24.564157000000], 
[0.000000000000, -5.101932000000, -22.382242000000], 
[9.525000000000, 6.584177000000, -3.763883000000], 
[9.293322000000, -3.249138000000, -17.683010000000], 
[0.000000000000, -2.735948000000, -2.966275000000], 
[0.000000000000, -9.748945000000, -19.376740000000], 
[1.274414000000, 12.295823000000, -9.521520000000], 
[1.930446000000, 3.273503000000, -24.970867000000], 
[8.520276000000, 2.940882000000, -24.441835000000], 
[9.249422000000, 11.364509000000, -12.202839000000], 
[8.173334000000, 12.225061000000, -15.063662000000], 
[6.389932000000, 5.827978000000, -1.416177000000], 
[2.718533000000, -1.823396000000, -0.131578000000], 
[0.000000000000, 3.365255000000, -15.599708000000], 
[5.907581000000, -10.211787000000, -5.149542000000], 
[9.396115000000, 6.002293000000, -11.471295000000], 
[0.000000000000, -4.255496000000, -3.048467000000], 
[8.812471000000, -1.718757000000, -17.518499000000], 
[9.525000000000, -6.401229000000, -20.584026000000], 
[0.692550000000, 2.031744000000, -0.163572000000], 
[0.000000000000, 7.212634000000, -22.623945000000], 
[9.308182000000, 2.432603000000, -1.647928000000], 
[1.017960000000, -12.355949000000, -15.636072000000], 
[9.525000000000, -4.388586000000, -19.416718000000], 
[9.525000000000, 3.402755000000, -2.690645000000], 
[0.000000000000, -8.022856000000, -4.049331000000], 
[0.000000000000, 8.469585000000, -16.167105000000], 
[3.893712000000, 10.149750000000, -5.066352000000], 
[0.681805000000, -8.785294000000, -21.871075000000], 
[9.525000000000, -7.635881000000, -10.798647000000], 
[3.647211000000, -9.650920000000, -20.955286000000], 
[2.046310000000, -7.389475000000, -2.371125000000], 
[0.000000000000, -0.305707000000, -16.901363000000], 
[8.455381000000, 9.946909000000, -5.689026000000], 
[9.525000000000, -8.024759000000, -17.387875000000], 
[9.525000000000, -1.154332000000, -2.687918000000], 
[0.704114000000, -5.228802000000, -1.126339000000], 
[8.638800000000, -4.554687000000, -14.261921000000], 
[9.525000000000, 7.834275000000, -14.845155000000], 
[0.000000000000, -6.907420000000, -5.197082000000] 
 ];
