Points:=[
[2.902628000000, 1.599113000000, -1.480268000000], 
[-2.728443000000, -4.775521000000, -0.409744000000], 
[-1.596973000000, -1.232947000000, -1.809951000000], 
[2.636334000000, 1.905923000000, -0.000000000000], 
[-3.686756000000, -3.257786000000, 0.000000000000], 
[2.162376000000, -2.315789000000, -1.525897000000], 
[2.247752000000, -3.469815000000, -0.000000000000], 
[-1.550121000000, 3.620454000000, -1.258451000000], 
[-0.208972000000, -0.954298000000, -0.000000000000], 
[-1.588956000000, 3.882534000000, -0.000000000000], 
[-0.481592000000, -1.456978000000, -1.890219000000], 
[-2.902355000000, 3.893061000000, 0.000000000000], 
[-4.318616000000, -0.901171000000, -1.060796000000], 
[5.260815000000, 1.604315000000, -0.135708000000], 
[1.024763000000, 1.816641000000, -0.000000000000], 
[2.969690000000, 1.717573000000, -1.442074000000], 
[-0.978409000000, -3.965512000000, -0.000000000000], 
[1.538508000000, -3.086430000000, -0.000000000000], 
[-5.442955000000, -0.790086000000, -0.270427000000], 
[-0.038969000000, -2.786373000000, -1.635003000000], 
[-4.554577000000, 3.083153000000, -0.270424000000], 
[-1.193731000000, -3.343226000000, -1.401475000000], 
[-1.487186000000, -3.485027000000, -1.315413000000], 
[2.727574000000, -1.640002000000, -0.000000000000], 
[-1.772807000000, 2.970732000000, -0.000000000000], 
[-4.303934000000, 0.984329000000, -1.059270000000], 
[1.115936000000, -2.846190000000, -0.000000000000], 
[2.504022000000, 4.274417000000, -0.800865000000], 
[4.441111000000, 0.203436000000, -1.045514000000], 
[5.175562000000, -1.861064000000, -0.363889000000], 
[-2.948987000000, 4.358321000000, 0.000000000000], 
[-2.059371000000, -4.188498000000, -0.942802000000], 
[-0.396630000000, -3.177516000000, -0.000000000000], 
[-1.106084000000, 0.255338000000, -0.000000000000], 
[0.008098000000, -4.894811000000, -0.000000000000], 
[-0.337126000000, -5.113906000000, -0.710965000000], 
[-1.039760000000, 3.175973000000, -1.471275000000], 
[5.034600000000, 2.047461000000, -0.537979000000], 
[-4.322112000000, 0.595305000000, -1.082368000000], 
[4.228642000000, -1.354777000000, -1.047943000000], 
[1.429797000000, -5.310902000000, -0.000000000000], 
[4.699493000000, -0.427251000000, -0.918066000000], 
[1.544029000000, 3.608674000000, -1.263601000000], 
[4.721524000000, -1.129262000000, -0.851196000000], 
[0.691800000000, -1.683488000000, -0.000000000000], 
[-1.903121000000, -3.201313000000, -1.339361000000], 
[-3.574354000000, 1.977499000000, -1.200044000000], 
[-4.771347000000, 0.397549000000, 0.000000000000], 
[0.052111000000, -4.741498000000, -0.906951000000], 
[-2.283563000000, -4.723764000000, -0.644603000000], 
[-3.086042000000, -4.159314000000, -0.681709000000], 
[2.362431000000, -0.882577000000, -0.000000000000], 
[-1.227478000000, -2.409305000000, -1.656654000000], 
[-1.420292000000, 5.060544000000, -0.639448000000], 
[-2.340790000000, 0.989404000000, -1.697228000000], 
[0.206445000000, -2.053974000000, -1.800980000000], 
[0.060489000000, -4.852435000000, -0.852137000000], 
[0.280501000000, 1.405586000000, -0.000000000000], 
[0.549639000000, 2.257361000000, -1.747438000000], 
[3.226133000000, -1.602596000000, -1.383191000000], 
[-0.618241000000, -0.352131000000, -0.000000000000], 
[0.891225000000, -1.061772000000, -1.910385000000], 
[4.761558000000, 0.977413000000, -0.848112000000], 
[-2.154351000000, -3.541822000000, -0.000000000000], 
[2.421291000000, -4.374350000000, -0.000000000000], 
[-3.199990000000, -2.367318000000, 0.000000000000], 
[4.520728000000, -3.132573000000, -0.375766000000], 
[-4.263226000000, 3.474896000000, -0.397134000000], 
[-5.080815000000, 0.912671000000, -0.690943000000], 
[1.394986000000, -2.036704000000, -1.714493000000], 
[3.115466000000, 0.964963000000, -1.496979000000], 
[-2.714462000000, -0.874093000000, -1.617469000000], 
[-4.861187000000, 1.836442000000, -0.672244000000], 
[-2.895624000000, 4.676041000000, -0.370124000000], 
[3.990297000000, 1.468889000000, -1.130383000000], 
[0.717415000000, 0.254240000000, -1.972650000000], 
[-2.740284000000, 2.894771000000, -0.000000000000], 
[0.006742000000, 4.034188000000, -0.000000000000], 
[-1.471358000000, -5.299538000000, -0.161537000000], 
[0.314010000000, -5.491029000000, -0.286842000000], 
[5.212631000000, -1.754558000000, -0.100935000000], 
[-4.288357000000, 0.498358000000, 0.000000000000], 
[0.593452000000, -0.203938000000, -1.981229000000], 
[-3.507231000000, 3.542173000000, -0.784932000000], 
[1.529990000000, 0.308307000000, -0.000000000000], 
[1.100500000000, -0.106336000000, -1.942865000000], 
[-2.288108000000, 1.223317000000, -0.000000000000], 
[-2.999929000000, 2.145626000000, 0.000000000000], 
[0.821300000000, -3.767073000000, -0.000000000000], 
[1.358752000000, -5.229963000000, -0.556124000000], 
[2.075689000000, -3.943857000000, -1.040573000000], 
[-1.621672000000, 3.421715000000, -0.000000000000], 
[-4.030982000000, 0.433854000000, 0.000000000000], 
[2.193675000000, 0.341482000000, -1.769568000000], 
[3.519316000000, -3.560901000000, -0.773601000000], 
[2.533573000000, 0.369085000000, -0.000000000000], 
[0.945501000000, -1.338058000000, -1.874844000000], 
[3.734122000000, -4.038110000000, -0.500000000000], 
[-2.343520000000, -4.274130000000, -0.841269000000], 
[-3.631215000000, -2.179191000000, 0.000000000000], 
[-2.821386000000, -4.321924000000, 0.000000000000], 
[-3.752499000000, -4.021038000000, -0.122422000000], 
[-3.640459000000, -4.122749000000, -0.131283000000], 
[-0.515550000000, -5.475784000000, -0.397451000000], 
[-3.060971000000, 2.448229000000, -1.265738000000], 
[3.634104000000, -0.564809000000, -0.000000000000], 
[-4.599603000000, -2.455613000000, 0.000000000000], 
[1.677345000000, -4.109874000000, -0.000000000000], 
[2.240037000000, -3.323560000000, -0.000000000000], 
[-3.056665000000, 2.100818000000, -1.344942000000], 
[0.450561000000, 4.325451000000, -1.088540000000], 
[0.871155000000, -3.951237000000, -1.215738000000], 
[-1.016226000000, 0.016378000000, -1.951647000000], 
[0.140423000000, -1.126626000000, -0.000000000000], 
[-4.815434000000, 2.383285000000, 0.000000000000], 
[1.635623000000, 3.675908000000, -0.000000000000], 
[-1.434655000000, -4.971314000000, -0.684405000000], 
[-2.156897000000, 2.768811000000, -0.000000000000], 
[1.300230000000, -3.725085000000, -0.000000000000], 
[-3.408701000000, -0.722970000000, 0.000000000000], 
[3.787005000000, -2.601852000000, -0.000000000000], 
[0.907757000000, -4.540104000000, -0.960574000000], 
[-4.935446000000, 1.205164000000, 0.000000000000], 
[-3.911466000000, -2.721887000000, 0.000000000000], 
[-0.312362000000, 5.416943000000, -0.543228000000], 
[-5.281249000000, 1.535710000000, -0.226279000000], 
[-5.103665000000, 1.461581000000, -0.610001000000], 
[1.948178000000, 0.700264000000, -1.799836000000], 
[0.472810000000, -4.849219000000, -0.842396000000], 
[2.796425000000, 0.385695000000, -0.000000000000], 
[2.512977000000, -4.094179000000, -0.000000000000], 
[0.746748000000, -4.749953000000, -0.874305000000], 
[-2.214477000000, 1.589033000000, -1.651055000000], 
[-5.138844000000, 0.419702000000, -0.694289000000], 
[-5.300218000000, 0.553412000000, -0.598617000000], 
[3.240050000000, 2.224744000000, -0.000000000000], 
[-2.630325000000, -4.488189000000, -0.669152000000], 
[-4.816115000000, -2.188156000000, -0.620613000000], 
[0.339486000000, -3.243874000000, -1.496946000000], 
[0.710288000000, 3.762442000000, -0.000000000000], 
[3.203072000000, 4.471055000000, -0.132999000000], 
[0.824792000000, -1.697317000000, -1.833841000000], 
[-5.486113000000, -0.390593000000, 0.000000000000], 
[2.752038000000, 0.652061000000, -0.000000000000], 
[-5.329572000000, 1.358553000000, -0.383660000000], 
[3.412711000000, 3.004723000000, -0.000000000000], 
[0.295820000000, -4.818978000000, -0.000000000000], 
[-2.397699000000, -3.925312000000, -0.974829000000], 
[2.895844000000, -1.013450000000, -1.556043000000], 
[-1.266380000000, -1.931317000000, -0.000000000000], 
[3.775690000000, -1.676707000000, -0.000000000000], 
[3.656684000000, 2.557720000000, -0.000000000000], 
[-1.423724000000, -3.722974000000, -0.000000000000], 
[-2.942777000000, -3.363737000000, -1.034893000000], 
[-1.927073000000, -2.735152000000, -1.469977000000], 
[4.014812000000, 0.474472000000, -0.000000000000], 
[5.162272000000, -1.582310000000, -0.558571000000], 
[-4.011468000000, 3.762729000000, -0.500000000000], 
[3.080665000000, -0.690130000000, -0.000000000000], 
[4.514724000000, 1.242686000000, -0.000000000000], 
[-1.285020000000, -2.724707000000, -1.572276000000], 
[-3.843490000000, 3.138389000000, -0.796656000000], 
[4.716879000000, 2.828613000000, -0.500000000000], 
[-3.107066000000, -2.161433000000, -1.316963000000], 
[-2.607255000000, 3.366887000000, -1.127694000000], 
[4.927378000000, 1.649925000000, -0.672367000000], 
[-2.417223000000, -4.583132000000, -0.680421000000], 
[-2.863543000000, 3.867929000000, -0.872191000000], 
[-0.269945000000, -5.493371000000, -0.146541000000], 
[-2.517945000000, 4.773784000000, -0.559831000000], 
[-3.319967000000, 3.568671000000, 0.000000000000], 
[0.940246000000, -0.545474000000, -0.000000000000], 
[-4.504626000000, 0.733896000000, -0.991466000000], 
[-0.384886000000, 3.837867000000, -1.289761000000], 
[-2.407343000000, -4.945169000000, -0.266790000000], 
[2.050457000000, 1.118830000000, -1.744681000000], 
[3.202412000000, 4.471527000000, -0.382110000000], 
[-3.511437000000, -3.231821000000, 0.000000000000], 
[2.293149000000, 1.390428000000, -1.662352000000], 
[0.250170000000, -1.475974000000, -1.895514000000], 
[2.439746000000, 0.534913000000, -1.707651000000], 
[0.436404000000, 1.153029000000, -0.000000000000], 
[0.083197000000, 3.186898000000, -0.000000000000], 
[-4.674651000000, 1.783549000000, 0.000000000000], 
[0.180720000000, 2.919706000000, -0.000000000000], 
[3.850307000000, -1.500642000000, -1.180584000000], 
[-4.833743000000, 0.571620000000, -0.844805000000], 
[2.475660000000, -3.227525000000, -1.207050000000], 
[-3.721285000000, 2.088056000000, 0.000000000000], 
[-2.896644000000, -3.277663000000, 0.000000000000], 
[2.711269000000, -0.476035000000, -0.000000000000], 
[0.031056000000, 0.837553000000, -1.966953000000], 
[0.094346000000, -2.966387000000, -0.000000000000], 
[0.794131000000, -3.376025000000, -0.000000000000], 
[-3.144702000000, -0.578054000000, 0.000000000000], 
[-0.849558000000, -1.048239000000, -1.915087000000], 
[2.994422000000, -4.613398000000, -0.000000000000], 
[4.432610000000, 1.751682000000, -0.895045000000], 
[-0.281645000000, -4.720625000000, -0.000000000000], 
[4.676799000000, 1.795685000000, -0.771971000000], 
[5.499259000000, 0.090305000000, -0.124395000000], 
[-1.440620000000, 0.178506000000, -1.901747000000], 
[0.545208000000, 2.264191000000, -0.000000000000], 
[1.372733000000, 4.999879000000, -0.678575000000], 
[4.221025000000, -2.712628000000, -0.000000000000], 
[1.506439000000, 5.289673000000, -0.406222000000], 
[-0.445073000000, 3.023159000000, -1.559671000000], 
[-1.129943000000, -5.264993000000, -0.000000000000], 
[3.587363000000, 3.672920000000, -0.706050000000], 
[-4.326059000000, 2.172839000000, 0.000000000000], 
[-0.381698000000, -1.749064000000, -0.000000000000], 
[1.181720000000, -3.933449000000, -0.000000000000], 
[0.002360000000, 2.948104000000, -0.000000000000], 
[-4.331516000000, -3.389391000000, -0.360808000000], 
[-0.077792000000, -1.586634000000, -0.000000000000], 
[-4.905849000000, -2.486493000000, -0.500000000000], 
[3.702038000000, -2.004481000000, -1.148279000000], 
[1.805022000000, 5.195373000000, -0.402425000000], 
[-3.727553000000, -0.079158000000, 0.000000000000], 
[4.223537000000, -3.523029000000, -0.101492000000], 
[-4.067502000000, -3.443672000000, -0.598359000000], 
[-0.492439000000, -4.346454000000, -0.000000000000], 
[-1.104549000000, 5.387947000000, -0.135772000000], 
[2.943490000000, 2.208973000000, -1.355393000000], 
[-3.620894000000, -0.350492000000, -1.370587000000], 
[0.622993000000, 0.171756000000, -0.000000000000], 
[-4.308776000000, -2.018312000000, 0.000000000000], 
[-3.855063000000, 2.159105000000, 0.000000000000], 
[-3.230578000000, 4.312003000000, 0.000000000000], 
[0.904916000000, -0.864109000000, -1.926938000000], 
[1.393996000000, 3.809920000000, -1.211384000000], 
[-4.071151000000, 3.444237000000, -0.596579000000], 
[-1.875021000000, 4.052979000000, -0.000000000000], 
[-3.791146000000, -3.984622000000, 0.000000000000], 
[1.798648000000, 3.766897000000, -1.163208000000], 
[-0.429576000000, 5.483198000000, -0.500000000000], 
[-2.985012000000, 0.638746000000, 0.000000000000], 
[3.904716000000, -2.839901000000, -0.864407000000], 
[-2.795016000000, 4.736865000000, 0.000000000000], 
[1.110859000000, 4.718522000000, -0.854785000000], 
[3.767540000000, -0.839809000000, -1.288661000000], 
[2.310613000000, 4.991099000000, -0.500000000000], 
[-3.051069000000, -2.512973000000, -1.252828000000], 
[3.617822000000, -4.142628000000, -0.000000000000], 
[-4.873625000000, 2.549074000000, -0.101568000000], 
[1.986332000000, 4.402334000000, -0.000000000000], 
[4.867707000000, -1.861201000000, -0.664091000000], 
[-0.935681000000, -2.807207000000, -1.587605000000], 
[-2.141489000000, -3.128093000000, -0.000000000000], 
[-2.035956000000, -4.481450000000, -0.817050000000], 
[-3.247873000000, -1.681919000000, -1.363541000000], 
[3.828587000000, -3.579890000000, -0.000000000000], 
[-2.863256000000, 0.213743000000, 0.000000000000], 
[-3.333121000000, -1.503119000000, 0.000000000000], 
[-2.788987000000, 3.645219000000, 0.000000000000], 
[2.812722000000, 4.137163000000, -0.000000000000], 
[-1.827868000000, -0.352100000000, -0.000000000000], 
[-3.408996000000, 0.019403000000, 0.000000000000], 
[-2.512554000000, -0.822289000000, -0.000000000000], 
[-1.223666000000, 0.635340000000, -1.911345000000], 
[4.048283000000, 3.344930000000, -0.642043000000], 
[5.049343000000, -0.795931000000, -0.718100000000], 
[-5.168099000000, 1.881689000000, -0.133579000000], 
[5.407744000000, -1.003148000000, -0.233133000000], 
[-0.557861000000, 4.130480000000, -0.000000000000], 
[-2.184897000000, -4.155787000000, -0.000000000000], 
[-0.213261000000, 2.542457000000, -0.000000000000], 
[3.149110000000, 4.265953000000, -0.613618000000], 
[-1.042850000000, 2.100759000000, -0.000000000000], 
[0.622230000000, 0.348253000000, -0.000000000000], 
[3.434681000000, -3.437093000000, -0.848996000000], 
[3.296137000000, 0.149152000000, -0.000000000000], 
[-2.605047000000, -4.666738000000, -0.589810000000], 
[-2.988780000000, -1.455016000000, -1.476998000000], 
[-0.442001000000, 0.697973000000, -1.967875000000], 
[-1.690262000000, -5.233834000000, -0.380336000000], 
[2.835548000000, 1.136369000000, -0.000000000000], 
[-0.162592000000, -3.571105000000, -0.000000000000], 
[-2.337999000000, -3.404776000000, -1.181485000000], 
[-4.590023000000, 2.559084000000, 0.000000000000], 
[0.079232000000, -4.204012000000, -1.150433000000], 
[3.412950000000, 3.584547000000, -0.803125000000], 
[2.738902000000, 4.106129000000, -0.810141000000], 
[-2.530778000000, -1.323735000000, -1.616285000000], 
[0.764708000000, -0.639834000000, -1.953446000000], 
[-1.697480000000, 0.853717000000, -0.000000000000], 
[-0.068413000000, 4.445998000000, -1.045174000000], 
[-4.600637000000, -0.272638000000, 0.000000000000], 
[4.557612000000, -2.644568000000, -0.632100000000], 
[4.654733000000, 0.107366000000, -0.948243000000], 
[-0.804445000000, -5.440852000000, -0.279111000000], 
[-2.391502000000, -2.927293000000, -0.000000000000], 
[5.468918000000, 0.583895000000, -0.280664000000], 
[5.236887000000, -1.281135000000, -0.000000000000], 
[-5.208639000000, 1.766375000000, 0.000000000000], 
[4.535129000000, -1.161194000000, -0.936090000000], 
[5.085338000000, 0.263997000000, -0.000000000000], 
[1.125664000000, 5.383575000000, -0.500000000000], 
[4.857622000000, -2.395171000000, -0.548956000000], 
[0.811564000000, 4.530215000000, -0.000000000000], 
[0.757898000000, -0.982178000000, -0.000000000000], 
[-4.547087000000, 0.291763000000, 0.000000000000], 
[0.771949000000, -1.416056000000, -1.878729000000], 
[-1.572967000000, 0.154999000000, -1.883528000000], 
[4.425205000000, 2.611022000000, -0.703936000000], 
[-2.666467000000, -4.259142000000, -0.763986000000], 
[-2.517841000000, -4.773599000000, -0.559953000000], 
[-3.929717000000, 2.951120000000, 0.000000000000], 
[4.117125000000, 2.081825000000, -0.968320000000], 
[-2.423622000000, -1.957519000000, -1.541947000000], 
[4.073197000000, 1.369749000000, -0.000000000000], 
[1.549191000000, -4.748273000000, -0.779816000000], 
[0.622767000000, 0.335961000000, -1.976286000000], 
[-0.328048000000, 5.223846000000, -0.651583000000], 
[0.975821000000, -2.768545000000, -0.000000000000], 
[0.141276000000, -4.556890000000, -0.000000000000], 
[3.588914000000, -2.351151000000, -0.000000000000], 
[1.055877000000, 2.672453000000, -1.611512000000], 
[2.764592000000, -2.549115000000, -1.326053000000], 
[-0.389135000000, -3.856807000000, -1.282401000000], 
[-3.831301000000, 2.303454000000, 0.000000000000], 
[5.042395000000, -2.196419000000, -0.264518000000], 
[-3.188383000000, 4.481542000000, -0.500000000000], 
[1.100650000000, -2.478356000000, -1.654642000000], 
[-1.635158000000, 3.515384000000, -1.282140000000], 
[2.336159000000, -0.920673000000, -1.704484000000], 
[1.535020000000, 2.277112000000, -1.645686000000], 
[-2.971774000000, 1.450258000000, 0.000000000000], 
[3.788840000000, 0.619377000000, -1.296593000000], 
[-1.137735000000, 1.681886000000, -1.807476000000], 
[0.267344000000, -3.484361000000, -0.000000000000], 
[-1.597669000000, -0.756142000000, -1.854291000000], 
[-0.911140000000, 4.154120000000, -0.000000000000], 
[1.846433000000, -4.786085000000, -0.708334000000], 
[-0.278299000000, 3.019875000000, -0.000000000000], 
[2.747891000000, -1.381591000000, -0.000000000000], 
[2.731061000000, -3.601005000000, -0.000000000000], 
[2.607545000000, 2.994925000000, -0.000000000000], 
[4.578572000000, 1.579763000000, -0.000000000000], 
[-2.619757000000, -2.069874000000, -0.000000000000], 
[-3.114089000000, 4.533481000000, -0.395968000000], 
[-0.312906000000, 0.173924000000, -0.000000000000], 
[-5.398557000000, 1.051469000000, -0.384230000000], 
[-2.435019000000, -0.961592000000, -1.678428000000], 
[-3.016614000000, 1.924665000000, -1.391599000000], 
[-5.465355000000, 0.616357000000, -0.101764000000], 
[2.871678000000, -0.123092000000, -0.000000000000], 
[2.552720000000, -4.317856000000, -0.000000000000], 
[-3.163256000000, -1.788871000000, -1.371933000000], 
[3.198502000000, 4.018718000000, -0.000000000000], 
[4.727461000000, 1.137403000000, -0.000000000000], 
[-1.226388000000, 2.345834000000, -0.000000000000], 
[-2.574043000000, -2.681246000000, -1.342087000000], 
[3.741176000000, 3.614663000000, -0.000000000000], 
[-4.931309000000, 2.435610000000, -0.267406000000], 
[-2.003195000000, -2.225751000000, -1.577488000000], 
[-2.353532000000, -4.520114000000, -0.726408000000], 
[-1.873914000000, -0.431636000000, -1.827434000000], 
[3.320712000000, -2.370311000000, -0.000000000000], 
[-2.307649000000, -0.081038000000, -0.000000000000], 
[3.373571000000, 2.806390000000, -1.071183000000], 
[-2.239432000000, 5.023439000000, -0.500000000000], 
[4.246236000000, 1.585218000000, -1.006045000000], 
[1.453179000000, 0.389134000000, -0.000000000000], 
[5.459550000000, -0.665818000000, -0.384183000000], 
[-3.259299000000, 2.361107000000, -1.224355000000], 
[-2.975506000000, -0.935087000000, 0.000000000000], 
[-0.474514000000, 0.605020000000, -0.000000000000], 
[-0.446504000000, 2.105026000000, -1.783621000000], 
[4.903632000000, -0.036151000000, -0.000000000000], 
[1.021133000000, -2.932256000000, -1.545077000000], 
[-3.714749000000, -1.647241000000, -1.208695000000], 
[-4.687048000000, 1.174679000000, -0.862529000000], 
[4.299306000000, 1.295719000000, -0.000000000000], 
[0.376421000000, 2.746144000000, -1.638937000000], 
[-0.472755000000, -3.787343000000, -1.305049000000], 
[1.877810000000, 0.527744000000, -1.822425000000], 
[3.792776000000, 1.731151000000, -0.000000000000], 
[2.958948000000, -4.275395000000, -0.670628000000], 
[2.897876000000, 1.014517000000, -1.555373000000], 
[3.625964000000, -1.275241000000, -1.294870000000], 
[1.551306000000, -3.260335000000, -0.000000000000], 
[4.959242000000, 2.378217000000, -0.245805000000], 
[-0.823461000000, 4.049532000000, -0.000000000000], 
[-5.378942000000, 0.290333000000, 0.000000000000], 
[2.619405000000, -0.389790000000, -0.000000000000], 
[-4.695653000000, 0.681868000000, 0.000000000000], 
[3.330601000000, 3.675716000000, -0.797596000000], 
[2.624668000000, 3.531968000000, -0.000000000000], 
[-3.751998000000, -1.495839000000, 0.000000000000], 
[4.021741000000, 2.100161000000, -0.000000000000], 
[4.736802000000, 2.795122000000, -0.241142000000], 
[-3.382806000000, 2.966503000000, -1.021268000000], 
[2.501354000000, 3.762101000000, -1.012812000000], 
[2.102760000000, -4.335208000000, -0.869365000000], 
[0.971459000000, 1.530675000000, -0.000000000000], 
[4.207653000000, 1.983133000000, -0.000000000000], 
[-0.273261000000, -1.642976000000, -1.870658000000], 
[-1.434888000000, -4.477373000000, -0.926365000000], 
[-4.606763000000, 1.705013000000, 0.000000000000], 
[0.087997000000, -0.502259000000, -1.987409000000], 
[-1.635020000000, -3.983145000000, -0.000000000000], 
[0.592311000000, 1.065548000000, -0.000000000000], 
[3.008178000000, -1.624369000000, -1.446033000000], 
[0.317517000000, -5.134692000000, -0.000000000000], 
[-3.348578000000, -2.976154000000, -1.030040000000], 
[-0.745635000000, -5.121606000000, -0.683637000000], 
[-0.673575000000, 5.056986000000, -0.000000000000], 
[4.886269000000, -0.323045000000, -0.829913000000], 
[0.062269000000, 5.351944000000, -0.000000000000], 
[-2.569867000000, 4.333491000000, -0.757056000000], 
[-1.852357000000, 2.555612000000, -0.000000000000], 
[-0.769614000000, -2.199580000000, -1.745895000000], 
[-4.926261000000, -0.210942000000, 0.000000000000], 
[0.134004000000, 3.767594000000, -1.322522000000], 
[0.840212000000, -4.790290000000, -0.846818000000], 
[-2.779147000000, -1.972589000000, 0.000000000000], 
[0.193731000000, -1.763605000000, -0.000000000000], 
[-1.726161000000, 3.545238000000, -0.000000000000], 
[1.890010000000, -1.542878000000, -1.721198000000], 
[-2.096950000000, -4.993018000000, -0.549271000000], 
[-0.965775000000, -3.071179000000, -1.510151000000], 
[3.333590000000, -4.204615000000, -0.577769000000], 
[0.542169000000, -4.198543000000, -1.138325000000], 
[2.369189000000, -1.773342000000, -0.000000000000], 
[5.123892000000, 0.402067000000, -0.000000000000], 
[-1.135007000000, -0.503536000000, -1.928042000000], 
[-4.126684000000, -1.139024000000, -1.117996000000], 
[3.007610000000, 3.783837000000, -0.861763000000], 
[0.451526000000, 4.585977000000, -0.970852000000], 
[2.662661000000, 2.155266000000, -0.000000000000], 
[-3.536861000000, -0.962699000000, 0.000000000000], 
[-2.472770000000, -2.482682000000, -0.000000000000], 
[2.727399000000, 4.776117000000, -0.000000000000], 
[-1.773406000000, -0.634060000000, -0.000000000000], 
[-0.895122000000, 5.426671000000, -0.500000000000], 
[0.628346000000, 1.455472000000, -1.882830000000], 
[-1.119758000000, -1.058049000000, -0.000000000000], 
[4.892522000000, 2.512613000000, -0.375911000000], 
[1.904818000000, 4.663336000000, -0.000000000000], 
[-1.311418000000, 3.089472000000, -1.466582000000], 
[-3.491549000000, -0.387841000000, -1.414203000000], 
[-2.939540000000, 3.769692000000, -0.888104000000], 
[-4.643764000000, -0.830616000000, 0.000000000000], 
[4.283289000000, -0.620406000000, -1.097657000000], 
[1.840774000000, -0.508739000000, -0.000000000000], 
[3.626958000000, -1.401992000000, -1.277754000000], 
[2.038638000000, 1.362284000000, -1.718391000000], 
[3.344918000000, 4.217416000000, -0.000000000000], 
[2.573644000000, 2.009377000000, -1.495820000000], 
[-2.132543000000, -2.492241000000, -0.000000000000], 
[4.268557000000, 3.468346000000, -0.000000000000], 
[-3.003316000000, -0.130179000000, 0.000000000000], 
[3.300158000000, 1.498506000000, -1.375345000000], 
[-5.171166000000, 1.340168000000, -0.591279000000], 
[0.151219000000, 4.980445000000, -0.000000000000], 
[-1.031691000000, -5.121754000000, -0.656821000000], 
[4.029104000000, 3.743838000000, -0.118776000000], 
[1.367618000000, -0.177505000000, -1.911304000000], 
[1.471162000000, -0.814221000000, -1.868172000000], 
[-2.866007000000, -2.703238000000, -1.257909000000], 
[3.424190000000, -1.691657000000, -0.000000000000], 
[-3.701609000000, 0.965600000000, -1.301755000000], 
[-1.882147000000, -3.801385000000, -1.134752000000], 
[0.933474000000, 3.070212000000, -1.513402000000], 
[0.877714000000, -1.429739000000, -0.000000000000], 
[1.158618000000, -4.826156000000, -0.000000000000], 
[-2.999049000000, 2.888407000000, 0.000000000000], 
[-1.657006000000, 4.345427000000, -0.950780000000], 
[4.283185000000, 1.885193000000, -0.000000000000], 
[-2.910855000000, 3.155488000000, 0.000000000000], 
[3.400365000000, 0.651447000000, -0.000000000000], 
[2.072035000000, -4.879652000000, -0.614196000000], 
[-3.638138000000, -1.060162000000, 0.000000000000], 
[-2.353894000000, 4.521101000000, -0.725852000000], 
[2.770027000000, -2.460980000000, -0.000000000000], 
[-4.091019000000, -3.273981000000, -0.648463000000], 
[-3.511406000000, -3.929740000000, -0.631716000000], 
[-1.809024000000, -3.311359000000, -0.000000000000], 
[3.915430000000, 0.108750000000, -1.266775000000], 
[-1.775270000000, -4.115390000000, -1.029151000000], 
[-3.403753000000, -4.320239000000, -0.136366000000], 
[2.526197000000, -0.437906000000, -1.691758000000], 
[2.251755000000, 0.932997000000, -1.721753000000], 
[4.548504000000, -3.092105000000, -0.000000000000], 
[0.499864000000, -5.068265000000, -0.728152000000], 
[0.392325000000, 0.987446000000, -1.947198000000], 
[-4.531075000000, -2.021213000000, -0.796965000000], 
[4.355831000000, 0.297419000000, -1.081022000000], 
[-0.884866000000, -4.436058000000, -1.010202000000], 
[-0.952305000000, -2.939710000000, -1.549509000000], 
[1.340191000000, 2.086891000000, -0.000000000000], 
[-2.972823000000, -2.963856000000, 0.000000000000], 
[1.526830000000, -2.812093000000, -0.000000000000], 
[-0.923026000000, -0.691496000000, -0.000000000000], 
[2.308610000000, 3.033043000000, -1.306944000000], 
[5.104842000000, -0.321722000000, -0.716345000000], 
[-1.546523000000, -2.677718000000, -1.548877000000], 
[-4.040934000000, -3.372650000000, -0.635354000000], 
[-0.266731000000, -4.965396000000, -0.000000000000], 
[1.845481000000, -0.980337000000, -0.000000000000], 
[1.704322000000, 1.387019000000, -1.774294000000], 
[2.231586000000, -1.761406000000, -0.000000000000], 
[5.045445000000, 1.073083000000, -0.693022000000], 
[-1.498607000000, -2.591920000000, -1.577627000000], 
[3.211825000000, -4.285355000000, -0.000000000000], 
[-3.300691000000, 4.267741000000, -0.560942000000], 
[-3.197525000000, 2.301767000000, -1.257870000000], 
[1.163017000000, -1.859511000000, -1.775149000000], 
[-5.328610000000, 1.072461000000, -0.537714000000], 
[-1.730860000000, 0.649165000000, -1.840580000000], 
[-4.335677000000, -2.451020000000, -0.787118000000], 
[4.168237000000, -3.588286000000, -0.500000000000], 
[2.023231000000, -5.114346000000, -0.000000000000], 
[0.060712000000, -1.684346000000, -0.000000000000], 
[-4.144777000000, -1.478900000000, -1.065656000000], 
[3.267559000000, -0.492630000000, -1.483310000000], 
[-3.317544000000, -2.812212000000, -1.088435000000], 
[-3.061790000000, -0.745733000000, -1.531109000000], 
[4.436606000000, -3.018862000000, -0.000000000000], 
[0.322930000000, 3.360073000000, -1.460285000000], 
[-1.260731000000, -0.441501000000, -1.916769000000], 
[-3.757080000000, -3.831576000000, 0.000000000000], 
[-2.087030000000, 4.606922000000, -0.746833000000], 
[-4.615891000000, 2.990578000000, -0.132171000000], 
[-1.870681000000, -4.837114000000, -0.000000000000], 
[-2.521299000000, -4.888052000000, 0.000000000000], 
[-3.415217000000, -3.467970000000, -0.844872000000], 
[-2.928540000000, 4.655497000000, 0.000000000000], 
[1.606243000000, 1.407277000000, -0.000000000000], 
[-1.003411000000, 4.875433000000, -0.788620000000], 
[-0.208798000000, -3.240068000000, -1.501606000000], 
[0.342435000000, -3.528988000000, -1.402995000000], 
[-3.893070000000, -1.372820000000, -1.182389000000], 
[1.868440000000, 3.882432000000, -1.106064000000], 
[-0.755571000000, 5.344081000000, -0.559777000000], 
[-2.958892000000, -2.394338000000, 0.000000000000], 
[-4.065495000000, -2.689004000000, -0.841336000000], 
[-3.099648000000, 1.561584000000, -1.428580000000], 
[-3.283640000000, -0.715491000000, -1.465147000000], 
[-0.352804000000, 4.996610000000, -0.772301000000], 
[2.105476000000, -3.553833000000, -0.000000000000], 
[-5.029965000000, 2.224737000000, -0.359326000000], 
[-3.552366000000, 4.100468000000, -0.543638000000], 
[-0.073292000000, -2.144020000000, -0.000000000000], 
[-2.821745000000, 2.552359000000, 0.000000000000], 
[4.502640000000, 1.133704000000, -0.000000000000], 
[-1.871424000000, -0.923266000000, -0.000000000000], 
[-4.302261000000, -1.056192000000, 0.000000000000], 
[-1.726596000000, 0.520860000000, -0.000000000000], 
[-4.556535000000, 0.484954000000, -0.982970000000], 
[3.253797000000, -1.335656000000, -1.412748000000], 
[-1.354159000000, -5.330690000000, -0.500000000000], 
[4.169033000000, -2.087927000000, -0.000000000000], 
[3.642953000000, 3.754566000000, -0.000000000000], 
[3.912741000000, -0.042907000000, -0.000000000000], 
[-2.283977000000, 4.724152000000, -0.644310000000], 
[0.751192000000, 5.448460000000, -0.393078000000], 
[-4.957180000000, 1.875863000000, -0.614822000000], 
[-1.887624000000, -3.414003000000, -0.000000000000], 
[-0.091789000000, 2.158716000000, -0.000000000000], 
[-3.739627000000, 0.249770000000, 0.000000000000], 
[-0.501616000000, -3.880392000000, -1.268425000000], 
[-3.512520000000, 3.932028000000, -0.630353000000], 
[0.579600000000, 3.050448000000, -1.545061000000], 
[3.126814000000, -1.158727000000, -0.000000000000], 
[2.264652000000, 1.934986000000, -0.000000000000], 
[-1.575646000000, 2.658212000000, -1.549510000000], 
[-4.692986000000, -2.868080000000, -0.385910000000], 
[-5.183423000000, -1.839056000000, -0.406168000000], 
[0.185287000000, -5.409525000000, -0.550876000000], 
[1.705119000000, -1.647049000000, -0.000000000000], 
[-4.345927000000, -0.088017000000, -1.089432000000], 
[-4.643761000000, 1.923949000000, -0.763165000000], 
[1.228460000000, 1.461446000000, -1.829915000000], 
[-1.554932000000, 4.602899000000, -0.000000000000], 
[-1.704866000000, 2.209946000000, -0.000000000000], 
[-4.157830000000, 2.412741000000, 0.000000000000], 
[1.706460000000, 3.929647000000, -1.116628000000], 
[-1.670501000000, 0.228971000000, -0.000000000000], 
[0.498801000000, 4.140693000000, -0.000000000000], 
[4.631219000000, 0.246355000000, -0.956884000000], 
[1.033514000000, 4.850615000000, -0.797968000000], 
[-0.528691000000, 4.964726000000, -0.780755000000], 
[-0.202601000000, -4.296333000000, -1.109323000000], 
[-4.762740000000, -1.681231000000, -0.750442000000], 
[2.373832000000, -4.961343000000, -0.397144000000], 
[-2.424616000000, 4.450882000000, -0.741109000000], 
[2.767255000000, -1.861209000000, -0.000000000000], 
[-5.240435000000, -0.178911000000, -0.646419000000], 
[-4.412542000000, -3.283211000000, -0.500000000000], 
[-3.652336000000, -0.562415000000, -1.349889000000], 
[3.549804000000, 0.469857000000, -0.000000000000], 
[0.347648000000, 4.985342000000, -0.000000000000], 
[-4.991037000000, -1.710032000000, -0.628451000000], 
[1.456266000000, 0.477493000000, -1.890499000000], 
[-5.256747000000, -1.617595000000, 0.000000000000], 
[-2.805014000000, -1.900703000000, -1.456089000000], 
[-2.633123000000, -2.291891000000, -1.421772000000], 
[3.511307000000, 1.449489000000, -0.000000000000], 
[2.317020000000, -3.972583000000, -0.000000000000], 
[1.367082000000, -2.031592000000, -0.000000000000], 
[-0.578284000000, -0.209962000000, -1.981935000000], 
[-3.885016000000, 0.239456000000, 0.000000000000], 
[1.959016000000, -4.243168000000, -0.000000000000], 
[2.013698000000, -1.702823000000, -0.000000000000], 
[-4.786964000000, 1.103584000000, -0.822000000000], 
[-0.257114000000, -2.496874000000, -1.704712000000], 
[3.251031000000, 3.481771000000, -0.000000000000], 
[-1.161424000000, 4.619499000000, -0.896470000000], 
[-0.138300000000, 3.950378000000, -0.000000000000], 
[-0.488420000000, 0.126816000000, -1.987657000000], 
[-1.433652000000, 2.398530000000, -1.632955000000], 
[-1.563592000000, -3.841453000000, -1.174354000000], 
[3.632409000000, -3.045825000000, -0.000000000000], 
[-0.947465000000, -2.659190000000, -0.000000000000], 
[-3.962860000000, -3.609729000000, 0.000000000000], 
[3.153985000000, -4.068523000000, -0.000000000000], 
[3.299899000000, -1.498333000000, -1.375454000000], 
[1.744980000000, 2.384146000000, -0.000000000000], 
[1.782406000000, 3.042556000000, -1.409677000000], 
[-3.020314000000, -3.181399000000, -1.071850000000], 
[-2.111781000000, -3.550695000000, -1.181070000000], 
[0.927146000000, 0.280038000000, -1.956047000000], 
[3.683028000000, -0.235547000000, -1.351641000000], 
[-3.991958000000, 3.359140000000, 0.000000000000], 
[1.107256000000, -5.156723000000, -0.629341000000], 
[1.334011000000, -4.572133000000, -0.896711000000], 
[-3.224292000000, -3.613730000000, -0.857021000000], 
[-5.455049000000, -0.701742000000, -0.500000000000], 
[1.287368000000, 4.469557000000, -0.950481000000], 
[1.346863000000, 5.332538000000, -0.264533000000], 
[-3.152515000000, 0.457696000000, 0.000000000000], 
[-4.857864000000, -2.383608000000, -0.551774000000], 
[0.074019000000, 4.960686000000, -0.797072000000], 
[-3.920752000000, 0.147411000000, -1.264220000000], 
[-5.257381000000, 1.615531000000, -0.145260000000], 
[1.199019000000, 4.590982000000, -0.905399000000], 
[-2.002310000000, 2.701150000000, -1.464601000000], 
[0.921491000000, 0.720400000000, -0.000000000000], 
[1.626464000000, -0.228454000000, -0.000000000000], 
[0.964962000000, -2.924064000000, -0.000000000000], 
[-1.155501000000, -1.663333000000, -0.000000000000], 
[5.233222000000, -1.692156000000, -0.500000000000], 
[-2.449091000000, 2.244643000000, -1.477648000000], 
[4.529858000000, -0.873687000000, -0.000000000000], 
[0.101080000000, -2.422099000000, -0.000000000000], 
[1.163395000000, 4.266897000000, -1.055877000000], 
[-0.782037000000, 1.688397000000, -1.838474000000], 
[-0.336281000000, -3.760148000000, -1.320599000000], 
[0.313438000000, 0.177486000000, -0.000000000000], 
[-3.748121000000, -3.639030000000, -0.657126000000], 
[-2.250187000000, -1.654995000000, -1.633239000000], 
[2.816369000000, 3.345436000000, -1.077889000000], 
[1.792041000000, -2.914046000000, -1.445285000000], 
[-4.960898000000, -0.928255000000, -0.752427000000], 
[1.761461000000, -1.504472000000, -0.000000000000], 
[0.484706000000, 3.773603000000, -0.000000000000], 
[-3.930995000000, -0.534831000000, -1.247143000000], 
[-2.959393000000, -2.402133000000, -1.306982000000], 
[2.076434000000, -2.727168000000, -1.443051000000], 
[4.970318000000, -0.589451000000, -0.774333000000], 
[3.590119000000, 1.803125000000, -1.227219000000], 
[2.419079000000, 1.194460000000, -0.000000000000], 
[-5.454893000000, 0.702949000000, -0.148843000000], 
[0.193381000000, 4.875682000000, -0.838717000000], 
[2.526190000000, -0.842089000000, -0.000000000000], 
[4.520649000000, 0.933402000000, -0.967158000000], 
[4.246146000000, -1.585050000000, -1.006111000000], 
[-0.948408000000, 5.417612000000, -0.140538000000], 
[3.590163000000, -1.803127000000, -1.227203000000], 
[1.548638000000, -5.115634000000, -0.000000000000], 
[1.599500000000, 1.258902000000, -0.000000000000], 
[-2.004689000000, 0.991006000000, -0.000000000000], 
[-4.006525000000, -1.918402000000, 0.000000000000], 
[4.133439000000, -2.770236000000, -0.000000000000], 
[3.326615000000, 4.379912000000, -0.135010000000], 
[-1.923695000000, -3.568712000000, -0.000000000000], 
[-0.122146000000, 1.918182000000, -0.000000000000], 
[3.924670000000, -2.007120000000, -0.000000000000], 
[0.000000000000, 0.000000000000, -1.999412000000], 
[-1.756448000000, -1.260903000000, -0.000000000000], 
[-4.833183000000, -2.624946000000, -0.500000000000], 
[-2.040296000000, 0.276281000000, -0.000000000000], 
[-4.929099000000, -2.239507000000, 0.000000000000], 
[3.523188000000, -2.453794000000, -0.000000000000], 
[5.054227000000, 2.169053000000, -0.137161000000], 
[-4.247782000000, -2.519264000000, 0.000000000000], 
[-0.811960000000, 4.501696000000, -0.986668000000], 
[-5.479075000000, 0.479310000000, -0.393068000000], 
[4.006522000000, 1.179942000000, -1.162216000000], 
[2.587266000000, -1.124884000000, -0.000000000000], 
[-5.308447000000, -1.070633000000, 0.000000000000], 
[-3.577672000000, -0.135949000000, 0.000000000000], 
[0.765270000000, 4.644915000000, -0.000000000000], 
[3.841326000000, -3.814119000000, -0.000000000000], 
[1.376548000000, -1.008400000000, -0.000000000000], 
[2.732336000000, -1.114363000000, -0.000000000000], 
[3.801925000000, 2.040403000000, -1.103372000000], 
[-0.668231000000, 1.356199000000, -1.893431000000], 
[4.185292000000, -3.336525000000, -0.000000000000], 
[-3.036316000000, 0.822467000000, -1.532798000000], 
[0.517095000000, 2.653323000000, -0.000000000000], 
[1.486096000000, 4.905483000000, -0.000000000000], 
[-1.272164000000, -4.449639000000, -0.000000000000], 
[-0.317576000000, 0.521078000000, -0.000000000000], 
[2.405148000000, 2.961900000000, -0.000000000000], 
[1.018408000000, -4.806958000000, -0.000000000000], 
[-0.472964000000, -5.192999000000, -0.662392000000], 
[3.097489000000, -3.115298000000, -0.000000000000], 
[-0.435246000000, 4.115163000000, -1.178227000000], 
[2.571641000000, -4.861755000000, -0.363810000000], 
[-2.142123000000, -2.802746000000, -0.000000000000], 
[-3.595750000000, -3.247026000000, -0.856119000000], 
[-1.507835000000, -4.691624000000, -0.814129000000], 
[-2.821541000000, 0.575378000000, -1.609824000000], 
[3.061511000000, 3.013180000000, -0.000000000000], 
[0.078903000000, 4.198451000000, -1.152774000000], 
[-3.174608000000, 2.877340000000, 0.000000000000], 
[-4.271957000000, 0.799368000000, 0.000000000000], 
[1.896641000000, 4.862119000000, -0.659944000000], 
[3.400080000000, 2.025509000000, -1.250887000000], 
[-2.730646000000, 3.142058000000, -1.167991000000], 
[-0.221343000000, -4.427914000000, -0.000000000000], 
[-3.254142000000, -3.528797000000, 0.000000000000], 
[3.968120000000, -3.691646000000, -0.546778000000], 
[5.279209000000, -1.542708000000, -0.000000000000], 
[3.205388000000, -0.659805000000, -0.000000000000], 
[-0.568246000000, -3.165994000000, -1.511042000000], 
[2.281774000000, -3.285265000000, -1.234209000000], 
[-2.862202000000, -3.857067000000, -0.876906000000], 
[-2.091828000000, -3.000241000000, -1.363558000000], 
[-0.660781000000, 3.468251000000, -1.408151000000], 
[0.400906000000, -3.862788000000, -1.279660000000], 
[2.236591000000, -4.673647000000, -0.680565000000], 
[-0.131572000000, -4.326595000000, -0.000000000000], 
[5.054307000000, -2.168866000000, -0.384759000000], 
[3.064952000000, 3.969424000000, -0.000000000000], 
[-0.514827000000, 2.000609000000, -1.800696000000], 
[3.631002000000, -4.131081000000, -0.322599000000], 
[3.372386000000, -0.000000000000, -1.459119000000], 
[-2.962166000000, 0.542301000000, -1.572602000000], 
[-5.395802000000, 0.188466000000, -0.558706000000], 
[-3.532250000000, 1.700083000000, 0.000000000000], 
[1.612067000000, -2.610803000000, -1.555944000000], 
[0.501539000000, 1.508080000000, -0.000000000000], 
[-2.185583000000, 4.140516000000, -0.000000000000], 
[1.137721000000, -2.253750000000, -1.701234000000], 
[-0.203910000000, 4.289865000000, -1.112087000000], 
[-1.846099000000, -5.078299000000, -0.556205000000], 
[-4.698500000000, 2.512327000000, -0.599194000000], 
[1.549223000000, 4.748214000000, -0.779840000000], 
[-4.068641000000, -1.530311000000, -1.089389000000], 
[-3.625605000000, 3.602616000000, -0.718389000000], 
[1.344944000000, 0.821560000000, -0.000000000000], 
[-0.621276000000, -5.227247000000, -0.000000000000], 
[-1.164850000000, 4.588743000000, -0.000000000000], 
[-0.033675000000, -3.894441000000, -0.000000000000], 
[-2.155870000000, -3.823116000000, -1.070821000000], 
[-1.753411000000, -5.213017000000, -0.130213000000], 
[-1.832206000000, 0.727868000000, -1.818574000000], 
[-3.655330000000, 0.748894000000, -1.336805000000], 
[-2.233020000000, 0.208499000000, -1.764804000000], 
[-1.453400000000, -3.256117000000, -0.000000000000], 
[-4.883425000000, 2.530249000000, -0.376009000000], 
[-4.530962000000, -1.274254000000, -0.923929000000], 
[3.412853000000, 1.501760000000, -0.000000000000], 
[-0.502292000000, -4.696325000000, -0.000000000000], 
[-4.843768000000, -0.204157000000, -0.854511000000], 
[0.798043000000, 4.152530000000, -0.000000000000], 
[4.139484000000, -1.434887000000, -1.074341000000], 
[-0.001186000000, -5.500000000000, -0.386475000000], 
[3.298656000000, -4.401008000000, -0.384715000000], 
[4.609622000000, 1.109114000000, -0.907247000000], 
[2.489223000000, 2.459667000000, -0.000000000000], 
[5.260822000000, 1.604291000000, -0.386065000000], 
[-1.844259000000, -2.934527000000, -1.430217000000], 
[0.417186000000, 1.923574000000, -1.819165000000], 
[2.620956000000, -4.492030000000, -0.669925000000], 
[4.635312000000, -1.975973000000, -0.000000000000], 
[0.766631000000, 1.765767000000, -1.827069000000], 
[1.940136000000, 3.732460000000, -1.149663000000], 
[3.501051000000, -3.483724000000, -0.000000000000], 
[1.938010000000, 5.147244000000, -0.100786000000], 
[-1.747509000000, -2.534384000000, -1.552969000000], 
[4.117068000000, -2.081682000000, -0.968375000000], 
[-2.788864000000, -3.504153000000, -1.030730000000], 
[3.222350000000, -0.259217000000, -0.000000000000], 
[-3.107497000000, -2.481318000000, 0.000000000000], 
[-3.590309000000, -1.720838000000, -1.241547000000], 
[-0.969432000000, -3.200658000000, -1.470494000000], 
[-1.548797000000, -1.148197000000, -0.000000000000], 
[1.178707000000, 0.791856000000, -0.000000000000], 
[0.402353000000, 1.090903000000, -1.936855000000], 
[-3.893273000000, 3.023458000000, -0.813406000000], 
[-2.393201000000, -2.513000000000, -1.428764000000], 
[5.282111000000, -1.532743000000, -0.363442000000], 
[-0.944125000000, 2.149902000000, -0.000000000000], 
[-4.145408000000, 1.111543000000, 0.000000000000], 
[4.255701000000, -0.138574000000, -1.127871000000], 
[-0.791659000000, 1.127579000000, -0.000000000000], 
[4.480944000000, 0.612411000000, -0.000000000000], 
[0.911146000000, -1.467729000000, -1.860830000000], 
[1.066196000000, 2.330929000000, -1.691921000000], 
[1.894347000000, 2.734626000000, -0.000000000000], 
[3.622028000000, 2.336003000000, -1.105478000000], 
[0.982922000000, -4.299519000000, -0.000000000000], 
[5.042187000000, 2.196896000000, -0.395932000000], 
[-0.076362000000, -4.587216000000, -0.980364000000], 
[-4.952446000000, -0.170672000000, -0.800083000000], 
[1.723351000000, 0.960867000000, -1.818273000000], 
[-0.028383000000, 1.233425000000, -0.000000000000], 
[3.390632000000, -2.442728000000, -0.000000000000], 
[3.448328000000, 0.792296000000, -1.405550000000], 
[2.837689000000, 2.180477000000, -1.391469000000], 
[-4.080856000000, -3.687359000000, -0.274527000000], 
[1.046488000000, -0.281038000000, -0.000000000000], 
[0.837514000000, 0.352546000000, -1.961248000000], 
[2.382081000000, 3.878794000000, -0.997106000000], 
[-1.552606000000, -2.242932000000, -0.000000000000], 
[2.524595000000, 4.886350000000, -0.402382000000], 
[-2.944575000000, -2.141789000000, 0.000000000000], 
[-2.711686000000, -4.785056000000, -0.283991000000], 
[4.252714000000, 2.580275000000, -0.000000000000], 
[0.638983000000, 4.416669000000, -1.037901000000], 
[1.627816000000, -4.270121000000, -0.988746000000], 
[-1.476816000000, 5.009417000000, -0.000000000000], 
[0.426113000000, 3.296539000000, -0.000000000000], 
[-0.474124000000, -0.442159000000, -0.000000000000], 
[2.082282000000, 0.690003000000, -1.775073000000], 
[1.805434000000, 3.510890000000, -1.254717000000], 
[2.007558000000, 3.841353000000, -1.094898000000], 
[-1.813576000000, 4.723677000000, -0.000000000000], 
[2.013406000000, -1.430290000000, -0.000000000000], 
[1.580192000000, -5.268111000000, -0.500000000000], 
[0.570864000000, 0.693612000000, -1.962115000000], 
[-4.947345000000, -1.628107000000, 0.000000000000], 
[-3.076214000000, -1.314305000000, -1.470180000000], 
[0.139290000000, 3.321543000000, -0.000000000000], 
[1.724172000000, -4.350200000000, -0.937050000000], 
[3.730820000000, 1.376678000000, -0.000000000000], 
[-3.080973000000, -0.616082000000, -1.533941000000], 
[2.880231000000, -3.188195000000, -1.111293000000], 
[-1.229340000000, -0.165425000000, -1.928188000000], 
[2.930321000000, -3.296742000000, -1.061163000000], 
[4.838255000000, 2.615586000000, -0.392558000000], 
[5.327270000000, 1.367551000000, -0.264450000000], 
[-1.935342000000, -4.963353000000, -0.599579000000], 
[-0.862283000000, -2.319987000000, -0.000000000000], 
[3.350894000000, 2.281408000000, -1.212648000000], 
[-0.793418000000, -3.954571000000, -0.000000000000], 
[0.642112000000, 2.585805000000, -1.666786000000], 
[2.307882000000, -3.033555000000, -1.306957000000], 
[-3.895828000000, 0.903206000000, -1.234517000000], 
[-0.744663000000, 4.377295000000, -1.048024000000], 
[5.009563000000, 0.920279000000, -0.727866000000], 
[2.367279000000, -2.314125000000, -1.481393000000], 
[-1.417984000000, 4.243896000000, -0.000000000000], 
[3.002510000000, -2.503979000000, -0.000000000000], 
[-0.247745000000, 3.632704000000, -1.369402000000], 
[0.975965000000, 0.445667000000, -1.946170000000], 
[0.663580000000, -4.287718000000, -0.000000000000], 
[1.257944000000, -2.799035000000, -1.555849000000], 
[0.518587000000, 3.396138000000, -0.000000000000], 
[0.960103000000, 1.602410000000, -1.837198000000], 
[-2.273133000000, 0.523156000000, -1.745405000000], 
[-0.707665000000, 2.613533000000, -0.000000000000], 
[1.086869000000, 0.570883000000, -1.929648000000], 
[0.231034000000, 1.691849000000, -0.000000000000], 
[-4.982979000000, 1.439022000000, -0.677647000000], 
[4.886281000000, 0.323056000000, -0.829906000000], 
[-1.922256000000, -4.736365000000, -0.000000000000], 
[4.002477000000, -3.471216000000, -0.000000000000], 
[0.256836000000, -4.562499000000, -0.000000000000], 
[-1.796045000000, -3.532684000000, -0.000000000000], 
[-1.505146000000, -5.290041000000, 0.000000000000], 
[1.774645000000, 2.768227000000, -1.488501000000], 
[4.716879000000, 2.828613000000, -0.000000000000], 
[-0.299541000000, 4.192000000000, -1.151304000000], 
[-3.799319000000, -3.491137000000, -0.692243000000], 
[1.353608000000, 0.698530000000, -0.000000000000], 
[-1.668507000000, -4.266143000000, -0.000000000000], 
[-4.903492000000, -0.556907000000, -0.810529000000], 
[4.479596000000, -1.475843000000, -0.919238000000], 
[-1.696820000000, -0.257471000000, -0.000000000000], 
[-4.832308000000, 2.226781000000, -0.603323000000], 
[-1.662228000000, 1.245918000000, -1.798448000000], 
[1.789454000000, 5.200755000000, -0.270254000000], 
[1.979605000000, 2.132465000000, -0.000000000000], 
[4.610071000000, 1.559459000000, -0.845174000000], 
[-5.472503000000, -0.549281000000, -0.148508000000], 
[1.287427000000, 2.928235000000, -1.516567000000], 
[2.488269000000, 2.183355000000, -0.000000000000], 
[0.098501000000, -3.735011000000, -0.000000000000], 
[4.683153000000, -0.578781000000, -0.918110000000], 
[3.749599000000, -3.437009000000, -0.000000000000], 
[2.676061000000, -0.492678000000, -1.652242000000], 
[-1.928515000000, 2.083196000000, -1.620982000000], 
[1.753146000000, -4.589718000000, -0.821683000000], 
[-1.054391000000, -1.996492000000, -1.761603000000], 
[-3.562477000000, 2.160206000000, -1.166553000000], 
[1.024719000000, -3.859100000000, -1.237027000000], 
[-3.983168000000, 1.949912000000, -1.050423000000], 
[-3.317014000000, 0.659630000000, -1.458181000000], 
[-3.903874000000, 2.260964000000, -1.015755000000], 
[-0.758850000000, 5.231807000000, -0.622481000000], 
[-0.377567000000, -4.361104000000, -1.075977000000], 
[-2.563058000000, -3.649548000000, -1.039258000000], 
[0.588371000000, -1.387462000000, -0.000000000000], 
[-1.600443000000, 2.734162000000, -0.000000000000], 
[-2.989684000000, 2.397612000000, 0.000000000000], 
[-2.451486000000, 0.032801000000, -0.000000000000], 
[0.436357000000, -4.158230000000, -1.160376000000], 
[-5.116999000000, 2.016511000000, -0.117863000000], 
[2.029790000000, 4.557363000000, -0.782752000000], 
[-4.167311000000, 2.764691000000, 0.000000000000], 
[-2.151740000000, 1.900922000000, -1.612152000000], 
[0.391978000000, 3.981157000000, -1.234021000000], 
[-2.801859000000, 3.878539000000, 0.000000000000], 
[-0.048035000000, -5.056530000000, -0.747283000000], 
[3.739801000000, 3.279173000000, -0.000000000000], 
[3.627002000000, 1.402135000000, -1.277719000000], 
[0.657300000000, -4.611831000000, -0.000000000000], 
[-4.976312000000, 1.583384000000, 0.000000000000], 
[-0.067651000000, -4.449844000000, -1.043448000000], 
[2.306688000000, 1.145657000000, -1.688913000000], 
[-4.476509000000, 2.812935000000, -0.622265000000], 
[-3.927098000000, -1.049287000000, -1.208180000000], 
[-5.218665000000, -1.736530000000, -0.384925000000], 
[-3.210894000000, -3.052490000000, -1.052458000000], 
[3.208109000000, -1.351318000000, -0.000000000000], 
[-1.064677000000, -4.279483000000, -0.000000000000], 
[-1.434477000000, -2.038899000000, -1.708773000000], 
[4.902187000000, 2.493704000000, -0.101450000000], 
[1.079680000000, -1.918267000000, -0.000000000000], 
[-1.199483000000, -4.018418000000, -1.155115000000], 
[2.448814000000, 4.142186000000, -0.872518000000], 
[-4.921139000000, -2.456093000000, -0.370316000000], 
[0.514466000000, 5.201464000000, -0.000000000000], 
[-1.331075000000, -4.031389000000, -0.000000000000], 
[-4.063896000000, 2.334492000000, 0.000000000000], 
[-4.571789000000, 0.009624000000, 0.000000000000], 
[-2.699975000000, 2.715104000000, -0.000000000000], 
[2.758576000000, -2.794750000000, -0.000000000000], 
[-3.930947000000, -0.063682000000, -1.261133000000], 
[4.721551000000, 1.129318000000, -0.851176000000], 
[-5.208639000000, 1.766375000000, -0.500000000000], 
[-0.460807000000, 1.799194000000, -0.000000000000], 
[4.597512000000, -1.700996000000, -0.827299000000], 
[1.063144000000, -1.028199000000, -1.898012000000], 
[-3.498703000000, -1.484959000000, 0.000000000000], 
[-0.319731000000, 4.453633000000, -0.000000000000], 
[-2.893923000000, -1.101427000000, -1.547624000000], 
[-3.368130000000, 1.104841000000, 0.000000000000], 
[-3.814022000000, 2.102394000000, -1.085805000000], 
[2.361001000000, 4.597923000000, -0.687396000000], 
[-4.147560000000, -3.347438000000, -0.598140000000], 
[-0.617960000000, 5.069510000000, -0.720589000000], 
[-0.072509000000, -3.495734000000, -0.000000000000], 
[-3.242271000000, -3.689564000000, -0.822399000000], 
[4.544271000000, -0.609204000000, -0.981731000000], 
[4.718657000000, -2.825646000000, -0.146792000000], 
[-0.462135000000, 3.438931000000, -1.428899000000], 
[0.065466000000, -2.030805000000, -0.000000000000], 
[5.172984000000, 1.590741000000, -0.000000000000], 
[2.689729000000, -4.569301000000, -0.613729000000], 
[4.843067000000, 2.606664000000, -0.267325000000], 
[-3.751587000000, 2.249328000000, -1.077384000000], 
[-4.546326000000, -0.987461000000, -0.949975000000], 
[-3.438276000000, 3.460874000000, 0.000000000000], 
[-1.997001000000, 3.601811000000, -0.000000000000], 
[-2.486349000000, -0.163765000000, -1.709062000000], 
[4.821237000000, -2.646824000000, -0.122190000000], 
[-3.464161000000, 0.171155000000, 0.000000000000], 
[1.661584000000, -0.696674000000, -1.848588000000], 
[-0.373709000000, 2.449860000000, -1.712251000000], 
[1.334285000000, 0.328634000000, -1.911935000000], 
[1.475034000000, 0.679744000000, -0.000000000000], 
[-1.809165000000, 2.192217000000, -1.620025000000], 
[-2.743385000000, -4.400673000000, -0.000000000000], 
[0.558569000000, 3.024760000000, -0.000000000000], 
[-2.960761000000, 1.133536000000, 0.000000000000], 
[0.769785000000, 1.613188000000, -0.000000000000], 
[-0.919641000000, 0.192213000000, -1.958610000000], 
[5.464473000000, -0.624128000000, -0.000000000000], 
[2.821046000000, 3.028553000000, -1.177906000000], 
[-0.672147000000, -4.888913000000, -0.810588000000], 
[-0.887218000000, 0.772621000000, -1.935363000000], 
[3.680594000000, 0.763781000000, -1.326586000000], 
[-4.432094000000, -0.949328000000, -1.005982000000], 
[-2.178301000000, 3.456935000000, -0.000000000000], 
[0.080571000000, -4.398097000000, -1.066493000000], 
[4.374748000000, -0.201396000000, -0.000000000000], 
[1.830208000000, -3.249055000000, -0.000000000000], 
[3.773524000000, -1.341466000000, -0.000000000000], 
[4.729206000000, -1.572038000000, -0.785502000000], 
[4.627935000000, -1.013159000000, -0.909016000000], 
[1.882137000000, 2.905168000000, -0.000000000000], 
[2.244665000000, -4.308350000000, -0.849525000000], 
[2.143825000000, 2.179147000000, -0.000000000000], 
[-5.300605000000, 1.467509000000, 0.000000000000], 
[-1.234289000000, -1.574543000000, -0.000000000000], 
[2.055727000000, -4.465916000000, -0.000000000000], 
[1.945847000000, -3.986467000000, -1.049895000000], 
[3.055910000000, 2.355231000000, -1.289349000000], 
[2.075788000000, 3.943874000000, -1.040545000000], 
[4.153567000000, 3.082798000000, -0.685268000000], 
[-0.637369000000, 1.045611000000, -0.000000000000], 
[-1.216463000000, -2.236772000000, -1.696055000000], 
[2.772304000000, -2.729508000000, -1.276989000000], 
[5.067262000000, 1.833635000000, -0.564603000000], 
[-0.322623000000, 0.696060000000, -0.000000000000], 
[-5.499444000000, 0.078182000000, -0.500000000000], 
[0.488511000000, 4.450187000000, -1.031442000000], 
[-3.576397000000, -0.632352000000, -1.372705000000], 
[1.826869000000, 5.187731000000, -0.122549000000], 
[-0.891465000000, 3.022543000000, -1.531119000000], 
[1.237376000000, 1.825528000000, -1.772639000000], 
[3.450018000000, 0.350052000000, -0.000000000000], 
[5.093725000000, 1.224807000000, -0.000000000000], 
[-4.321159000000, 0.178267000000, 0.000000000000], 
[-1.072162000000, -3.881684000000, -0.000000000000], 
[-2.865654000000, -1.711340000000, 0.000000000000], 
[0.906177000000, 5.308930000000, -0.000000000000], 
[3.475170000000, -2.801743000000, -0.000000000000], 
[-0.155518000000, -3.972130000000, -1.244007000000], 
[1.855329000000, -1.735592000000, -0.000000000000], 
[-1.667460000000, 3.271329000000, -0.000000000000], 
[-0.776994000000, -4.142274000000, -1.146319000000], 
[-2.426499000000, 1.413729000000, -1.629218000000], 
[0.713941000000, 4.319142000000, -1.075830000000], 
[-3.639680000000, 0.198978000000, -1.367984000000], 
[-4.018879000000, -2.178181000000, -0.988128000000], 
[-2.932298000000, -4.301634000000, 0.000000000000], 
[0.619495000000, -1.439981000000, -1.885436000000], 
[-4.397673000000, 1.578078000000, -0.940484000000], 
[2.203134000000, 4.183029000000, -0.913772000000], 
[-1.075209000000, -0.598794000000, -0.000000000000], 
[-2.605157000000, 4.667099000000, -0.589601000000], 
[2.141164000000, 4.611597000000, -0.732634000000], 
[-1.246504000000, 4.213181000000, -1.068768000000], 
[-5.283627000000, -0.925779000000, 0.000000000000], 
[-2.296593000000, 0.649182000000, -0.000000000000], 
[-0.821317000000, -3.011909000000, -1.540004000000], 
[0.010781000000, 2.398500000000, -1.730650000000], 
[1.968810000000, -0.023258000000, -0.000000000000], 
[2.256165000000, 5.015947000000, -0.277842000000], 
[0.185275000000, 5.409473000000, -0.550906000000], 
[4.064549000000, 3.705326000000, -0.500000000000], 
[3.679132000000, -1.788247000000, -0.000000000000], 
[-1.515173000000, -4.886384000000, -0.000000000000], 
[1.127119000000, 0.429793000000, -1.932066000000], 
[0.398513000000, -1.294777000000, -1.914403000000], 
[4.081683000000, 3.247643000000, -0.000000000000], 
[-2.753102000000, 0.456822000000, 0.000000000000], 
[-4.689988000000, 2.101390000000, 0.000000000000], 
[2.018984000000, -4.079994000000, -0.996939000000], 
[-1.910889000000, 5.157374000000, -0.383640000000], 
[-1.466306000000, -1.200885000000, -1.832388000000], 
[-0.788647000000, 4.514799000000, -0.000000000000], 
[4.483487000000, -1.629716000000, -0.892927000000], 
[1.793719000000, 1.003883000000, -0.000000000000], 
[-2.339981000000, 1.750491000000, -0.000000000000], 
[2.135194000000, 1.183600000000, -0.000000000000], 
[3.412942000000, -3.584552000000, -0.803126000000], 
[1.603118000000, -0.325384000000, -1.875241000000], 
[-0.034148000000, -5.446770000000, -0.531088000000], 
[-3.792978000000, 2.789833000000, -0.923083000000], 
[-1.001398000000, -4.876801000000, -0.788136000000], 
[3.020604000000, -1.110209000000, -1.510549000000], 
[1.297253000000, -4.788479000000, -0.797149000000], 
[-2.801949000000, -4.064524000000, 0.000000000000], 
[1.535454000000, -2.726039000000, -1.537944000000], 
[-4.317427000000, 3.407319000000, -0.500000000000], 
[1.838863000000, -4.433156000000, -0.878701000000], 
[-5.132728000000, -0.417434000000, -0.697684000000], 
[-3.104252000000, 4.540223000000, -0.274536000000], 
[-5.486113000000, -0.390593000000, -0.500000000000], 
[0.467521000000, -0.000000000000, -1.989126000000], 
[-5.022255000000, -0.688334000000, 0.000000000000], 
[5.141495000000, 1.953210000000, -0.255433000000], 
[-0.356864000000, -4.873907000000, -0.834963000000], 
[-2.890726000000, 4.496355000000, 0.000000000000], 
[2.867312000000, -2.449481000000, -1.322093000000], 
[-1.380987000000, -0.230340000000, -0.000000000000], 
[-2.998222000000, -3.548883000000, 0.000000000000], 
[4.502477000000, -2.132976000000, -0.786272000000], 
[-1.469477000000, 4.585887000000, -0.870699000000], 
[-5.256747000000, 1.617595000000, 0.000000000000], 
[-4.089467000000, 0.725287000000, -1.171946000000], 
[-3.788559000000, 1.120402000000, -1.253600000000], 
[0.707776000000, -4.448853000000, -0.000000000000], 
[-0.816045000000, 1.075418000000, -1.914999000000], 
[-2.035963000000, 3.470172000000, -0.000000000000], 
[-4.595413000000, 2.673128000000, 0.000000000000], 
[1.393538000000, -1.208798000000, -1.841243000000], 
[1.387835000000, 5.322022000000, -0.136482000000], 
[-1.124237000000, 5.252353000000, -0.000000000000], 
[2.808201000000, -2.155656000000, -0.000000000000], 
[3.934169000000, 1.552039000000, -0.000000000000], 
[3.253023000000, 1.048442000000, -1.446340000000], 
[2.197642000000, 1.858455000000, -0.000000000000], 
[-1.663558000000, 1.725660000000, -1.731009000000], 
[0.358092000000, 4.783811000000, -0.000000000000], 
[-3.983796000000, 3.792014000000, -0.378257000000], 
[1.052040000000, -1.961495000000, -1.768369000000], 
[-4.011468000000, -3.762729000000, -0.500000000000], 
[-4.217740000000, -2.026976000000, -0.937001000000], 
[0.100436000000, -2.910509000000, -1.600775000000], 
[4.674616000000, -0.443814000000, -0.000000000000], 
[4.310269000000, -3.416370000000, -0.392959000000], 
[2.962484000000, -3.058635000000, -1.127802000000], 
[2.571362000000, 4.358673000000, -0.000000000000], 
[-1.676105000000, -4.593142000000, -0.000000000000], 
[0.901146000000, 1.246617000000, -1.889688000000], 
[1.520967000000, -2.292610000000, -1.644357000000], 
[-4.316566000000, -3.408410000000, -0.146221000000], 
[-2.046955000000, 1.774594000000, -0.000000000000], 
[-3.984903000000, -2.814093000000, 0.000000000000], 
[-4.295533000000, 1.670091000000, 0.000000000000], 
[2.689720000000, 4.569311000000, -0.613727000000], 
[-3.707797000000, 2.408000000000, -1.056568000000], 
[-0.018073000000, 3.281096000000, -0.000000000000], 
[4.072107000000, -2.172368000000, -0.967478000000], 
[-0.328652000000, -2.501452000000, -0.000000000000], 
[-1.775301000000, -3.956095000000, -0.000000000000], 
[0.475121000000, -3.028916000000, -1.556665000000], 
[3.382474000000, 2.540993000000, -0.000000000000], 
[-1.421661000000, 2.947334000000, -1.493562000000], 
[2.355047000000, -0.362445000000, -1.734212000000], 
[0.408433000000, 3.729093000000, -1.329398000000], 
[1.782856000000, -4.898713000000, -0.663180000000], 
[-3.184296000000, -1.740149000000, 0.000000000000], 
[-0.323104000000, -5.327264000000, -0.594082000000], 
[-3.159246000000, 4.249202000000, -0.617780000000], 
[-2.476524000000, 3.633028000000, -0.000000000000], 
[-4.933955000000, -0.420979000000, -0.801884000000], 
[-3.689334000000, -2.108499000000, -1.131545000000], 
[-3.904509000000, 1.462646000000, 0.000000000000], 
[3.589502000000, -2.594039000000, -0.000000000000], 
[4.168451000000, 3.453442000000, -0.000000000000], 
[-0.807045000000, 2.412279000000, -0.000000000000], 
[-2.021521000000, -2.150656000000, -0.000000000000], 
[-2.812541000000, 1.449303000000, -1.527242000000], 
[-4.283980000000, 2.332560000000, -0.839562000000], 
[-4.651886000000, -2.934273000000, -0.135609000000], 
[-0.295697000000, -4.094656000000, -0.000000000000], 
[0.732749000000, -2.466969000000, -0.000000000000], 
[2.812933000000, -3.647635000000, -0.971730000000], 
[-3.949818000000, -1.600125000000, -1.126302000000], 
[1.367829000000, -2.168102000000, -1.691844000000], 
[0.450942000000, -3.256221000000, -0.000000000000], 
[-4.412542000000, 3.283211000000, 0.000000000000], 
[1.214752000000, -2.064003000000, -0.000000000000], 
[-1.346967000000, -3.998986000000, -1.144113000000], 
[4.380856000000, -2.832418000000, -0.661152000000], 
[-4.165818000000, 1.825751000000, 0.000000000000], 
[-2.121078000000, 3.351074000000, -1.247643000000], 
[-3.188924000000, -4.030235000000, 0.000000000000], 
[-4.189087000000, -1.572748000000, -1.032497000000], 
[-2.763450000000, -0.950575000000, 0.000000000000], 
[2.898108000000, 4.556530000000, -0.558132000000], 
[0.301691000000, -3.310495000000, -0.000000000000], 
[0.029960000000, -3.445110000000, -1.437181000000], 
[-3.103971000000, 3.930457000000, -0.772689000000], 
[4.423015000000, -1.087191000000, -0.995800000000], 
[1.714617000000, 5.225905000000, -0.363663000000], 
[-2.789520000000, 1.167880000000, -1.568910000000], 
[-2.058418000000, 3.223053000000, -1.302205000000], 
[3.303179000000, 0.781029000000, -1.454135000000], 
[-3.284640000000, -4.411478000000, -0.140230000000], 
[-0.199292000000, 5.435836000000, -0.535379000000], 
[1.640452000000, -2.111908000000, -0.000000000000], 
[-3.641248000000, 0.690852000000, 0.000000000000], 
[-1.478486000000, -3.059005000000, -1.453045000000], 
[0.332996000000, -4.436860000000, -0.000000000000], 
[-1.066736000000, 1.125599000000, -0.000000000000], 
[0.727064000000, -0.248275000000, -1.972144000000], 
[-2.757779000000, 1.752755000000, 0.000000000000], 
[-4.151434000000, -0.808713000000, 0.000000000000], 
[-1.012958000000, 5.005367000000, -0.720695000000], 
[-2.940683000000, 0.718874000000, -1.567995000000], 
[0.461238000000, -1.418031000000, -0.000000000000], 
[1.119940000000, 4.865331000000, -0.000000000000], 
[-4.513353000000, -1.659461000000, 0.000000000000], 
[1.454788000000, 3.682175000000, -1.250313000000], 
[1.483790000000, 0.922373000000, -1.857652000000], 
[-4.071927000000, 3.697217000000, -0.270429000000], 
[4.058679000000, -2.009311000000, -0.000000000000], 
[4.329049000000, 3.392541000000, -0.278229000000], 
[-3.692111000000, -3.118875000000, -0.861973000000], 
[1.638832000000, 1.708295000000, -0.000000000000], 
[-2.990059000000, 4.616226000000, -0.251018000000], 
[3.104427000000, -1.598942000000, -1.421383000000], 
[-4.283289000000, -1.853248000000, -0.942977000000], 
[3.521462000000, 4.224844000000, -0.280842000000], 
[5.049360000000, 0.795950000000, -0.718090000000], 
[-3.788126000000, -2.477658000000, -1.008826000000], 
[-3.555973000000, 3.813075000000, 0.000000000000], 
[1.830250000000, -0.706981000000, -0.000000000000], 
[-4.490357000000, 1.081437000000, 0.000000000000], 
[-1.430830000000, 4.370977000000, -0.975049000000], 
[-3.063404000000, -4.043448000000, 0.000000000000], 
[0.343169000000, -3.114976000000, -1.536405000000], 
[-2.567336000000, 0.408023000000, -0.000000000000], 
[-0.928439000000, -5.306109000000, -0.565803000000], 
[2.042838000000, 4.743554000000, -0.000000000000], 
[-0.587294000000, 2.677978000000, -0.000000000000], 
[-4.283417000000, -1.191851000000, -1.045346000000], 
[-1.963756000000, -0.644576000000, -1.800492000000], 
[-2.592669000000, -2.213023000000, -0.000000000000], 
[-4.221073000000, -3.146416000000, 0.000000000000], 
[-2.665487000000, 0.316903000000, -0.000000000000], 
[-2.397343000000, -2.656561000000, -1.391585000000], 
[-5.128921000000, 0.756744000000, 0.000000000000], 
[-3.346454000000, -4.364773000000, -0.384554000000], 
[-0.107783000000, -2.183069000000, -1.776702000000], 
[2.013024000000, 2.278184000000, -0.000000000000], 
[-2.740240000000, 4.086375000000, -0.000000000000], 
[-2.672279000000, -3.339593000000, -1.119651000000], 
[4.498900000000, -1.764485000000, -0.000000000000], 
[3.869659000000, 2.198242000000, -0.000000000000], 
[-2.735976000000, -1.104385000000, -1.590035000000], 
[-3.037025000000, 0.923224000000, 0.000000000000], 
[-4.635248000000, -1.056471000000, -0.900939000000], 
[-0.323230000000, 5.327072000000, -0.594187000000], 
[-1.441624000000, -1.269255000000, -0.000000000000], 
[3.760742000000, -2.372844000000, -1.045073000000], 
[5.171331000000, -0.795347000000, -0.652686000000], 
[0.959660000000, -2.675525000000, -1.620002000000], 
[-0.302140000000, -3.934542000000, -1.255412000000], 
[-2.265980000000, -2.569147000000, -0.000000000000], 
[-1.772634000000, 2.745334000000, -1.494956000000], 
[0.429042000000, -4.307212000000, -0.000000000000], 
[-1.049023000000, -5.399032000000, -0.500000000000], 
[0.694464000000, -3.883703000000, -0.000000000000], 
[-1.708981000000, -2.071986000000, -1.661308000000], 
[2.697760000000, 3.919985000000, -0.000000000000], 
[0.730662000000, -5.078591000000, -0.000000000000], 
[-1.225394000000, -0.173111000000, -0.000000000000], 
[-4.482403000000, 1.696324000000, 0.000000000000], 
[-5.178450000000, -1.853013000000, -0.279104000000], 
[-3.170981000000, 3.223068000000, 0.000000000000], 
[4.503033000000, -3.157958000000, -0.232016000000], 
[-1.579129000000, -0.344315000000, -1.878212000000], 
[3.697302000000, -3.885352000000, -0.000000000000], 
[1.602664000000, -2.578044000000, -0.000000000000], 
[3.022266000000, -4.475810000000, -0.557814000000], 
[-3.759912000000, -2.192348000000, 0.000000000000], 
[2.408367000000, 4.433123000000, -0.753436000000], 
[2.994189000000, 1.495569000000, -1.469627000000], 
[5.128597000000, -1.986829000000, -0.500000000000], 
[-3.537364000000, -1.133528000000, -1.342919000000], 
[-0.016673000000, -0.712561000000, -0.000000000000], 
[-2.356413000000, -2.489230000000, -0.000000000000], 
[-1.860402000000, 2.394080000000, -0.000000000000], 
[-2.282335000000, -1.653702000000, -0.000000000000], 
[1.082820000000, -0.848655000000, -1.911731000000], 
[5.248870000000, -1.642973000000, -0.122792000000], 
[-2.153137000000, -2.450406000000, -1.496824000000], 
[3.457358000000, 2.677940000000, -0.000000000000], 
[-4.756611000000, -2.761277000000, -0.500000000000], 
[1.729755000000, 1.164599000000, -0.000000000000], 
[2.350637000000, 1.782301000000, -1.590186000000], 
[1.015412000000, 3.831475000000, -0.000000000000], 
[-2.131155000000, -1.238843000000, -1.715327000000], 
[-2.301517000000, 2.813340000000, -1.371658000000], 
[-3.609970000000, 2.148986000000, 0.000000000000], 
[1.056968000000, 1.439383000000, -0.000000000000], 
[0.317370000000, -3.630033000000, -0.000000000000], 
[-3.370884000000, 1.955010000000, 0.000000000000], 
[4.982151000000, -1.949831000000, -0.586683000000], 
[-4.825460000000, -0.258447000000, 0.000000000000], 
[-1.402505000000, -4.777748000000, -0.787726000000], 
[-0.526955000000, 2.979609000000, -0.000000000000], 
[1.353941000000, -3.684953000000, -1.263329000000], 
[2.267862000000, 0.172618000000, -0.000000000000], 
[1.378158000000, -3.237840000000, -1.412175000000], 
[0.468809000000, 0.086466000000, -0.000000000000], 
[-5.077019000000, -2.115154000000, -0.278641000000], 
[4.734093000000, 2.042118000000, -0.694393000000], 
[3.519321000000, 3.560895000000, -0.773601000000], 
[-1.539550000000, 5.140115000000, -0.000000000000], 
[0.054302000000, -5.304690000000, -0.000000000000], 
[4.340278000000, 2.948770000000, -0.644358000000], 
[3.391966000000, 2.826742000000, -0.000000000000], 
[3.930939000000, 1.137520000000, -0.000000000000], 
[1.042446000000, 4.600298000000, -0.919006000000], 
[-1.491639000000, 1.993503000000, -0.000000000000], 
[2.895243000000, -2.341339000000, -0.000000000000], 
[3.483562000000, 3.621400000000, -0.000000000000], 
[1.194696000000, -4.479504000000, -0.000000000000], 
[-0.483229000000, 5.478731000000, -0.122939000000], 
[4.991093000000, -1.329379000000, -0.689337000000], 
[-1.795583000000, -3.715894000000, -1.182820000000], 
[2.177244000000, 1.129917000000, -1.718143000000], 
[4.736896000000, 0.620217000000, -0.000000000000], 
[1.007465000000, -3.558970000000, -1.348643000000], 
[-1.962062000000, 1.581364000000, -0.000000000000], 
[0.988556000000, -0.952967000000, -1.912072000000], 
[0.654953000000, 4.863925000000, -0.000000000000], 
[-4.123684000000, 3.639400000000, -0.363418000000], 
[2.079758000000, 3.433681000000, -1.228444000000], 
[1.321004000000, -4.219428000000, -1.056447000000], 
[-3.175578000000, -1.283567000000, -1.443887000000], 
[2.121882000000, -4.967091000000, -0.557420000000], 
[-1.088168000000, 5.316629000000, -0.542705000000], 
[3.226756000000, -3.501658000000, -0.897246000000], 
[4.352603000000, -2.072432000000, -0.000000000000], 
[0.115163000000, 4.347887000000, -0.000000000000], 
[-1.836452000000, -3.539107000000, -1.239253000000], 
[0.872203000000, -3.285077000000, -1.452606000000], 
[-3.635088000000, -0.241643000000, -1.368700000000], 
[1.802348000000, -2.873710000000, -0.000000000000], 
[5.088791000000, -1.211971000000, -0.653243000000], 
[-0.502030000000, -0.105480000000, -1.987264000000], 
[-4.848851000000, -0.896932000000, -0.812526000000], 
[2.909345000000, 2.761243000000, -1.229776000000], 
[-0.273533000000, 5.493194000000, 0.000000000000], 
[1.454401000000, -4.224092000000, -1.035726000000], 
[-0.991101000000, -3.417202000000, -0.000000000000], 
[5.328885000000, 0.865173000000, -0.000000000000], 
[2.115328000000, -2.305192000000, -0.000000000000], 
[-4.141519000000, 1.876672000000, -0.999407000000], 
[-4.432830000000, -1.082800000000, -0.991864000000], 
[-3.771541000000, -0.659039000000, -1.300543000000], 
[-3.448478000000, 2.288603000000, -1.177943000000], 
[3.399174000000, -1.178302000000, -0.000000000000], 
[-0.627412000000, -4.327539000000, -0.000000000000], 
[0.961548000000, 3.176793000000, -1.478612000000], 
[5.237777000000, 1.256220000000, -0.000000000000], 
[0.737438000000, -2.390105000000, -1.706802000000], 
[0.808518000000, 1.899441000000, -0.000000000000], 
[3.625345000000, 2.236367000000, -0.000000000000], 
[2.820785000000, -3.028701000000, -1.177935000000], 
[-4.342661000000, -0.778739000000, -1.060665000000], 
[3.897140000000, -0.592854000000, -0.000000000000], 
[-0.566658000000, -4.976730000000, -0.000000000000], 
[3.994121000000, -3.781138000000, -0.274471000000], 
[-1.908479000000, -4.266955000000, -0.000000000000], 
[-5.486113000000, 0.390593000000, -0.500000000000], 
[-2.156918000000, 1.170333000000, -0.000000000000], 
[2.738909000000, -4.106108000000, -0.810148000000], 
[4.524156000000, -1.746209000000, -0.853816000000], 
[2.542780000000, 3.631368000000, -0.000000000000], 
[2.246784000000, -2.039240000000, -0.000000000000], 
[0.910319000000, 1.731824000000, -1.821337000000], 
[3.849622000000, -2.173655000000, -0.000000000000], 
[-2.432437000000, 2.500956000000, -1.422482000000], 
[-2.420020000000, 3.219383000000, -1.223209000000], 
[-0.905613000000, -3.680449000000, -1.314984000000], 
[-2.242970000000, 3.661343000000, -1.112498000000], 
[-1.365777000000, -2.167792000000, -1.692175000000], 
[-3.463925000000, 0.550072000000, -1.416153000000], 
[-2.239722000000, 4.272206000000, -0.000000000000], 
[-4.983385000000, 1.304267000000, -0.696840000000], 
[1.527663000000, 0.820137000000, -1.859804000000], 
[2.566674000000, -1.845039000000, -1.528153000000], 
[-4.413720000000, -2.807438000000, 0.000000000000], 
[-1.202077000000, 5.367030000000, 0.000000000000], 
[-5.487232000000, 0.374552000000, -0.320973000000], 
[-2.442601000000, -0.311445000000, -1.715955000000], 
[-3.824895000000, -0.667076000000, 0.000000000000], 
[1.160768000000, 4.018298000000, -0.000000000000], 
[-2.687982000000, 4.798412000000, -0.161871000000], 
[1.575095000000, -3.472357000000, -0.000000000000], 
[2.356248000000, -2.312082000000, -0.000000000000], 
[2.135568000000, 3.808477000000, -1.080850000000], 
[0.058111000000, 3.183685000000, -1.521048000000], 
[-1.922848000000, 0.378978000000, -1.820723000000], 
[2.631825000000, -2.788872000000, -1.298301000000], 
[-4.549592000000, -0.890851000000, 0.000000000000], 
[1.926033000000, 3.685324000000, -0.000000000000], 
[4.919497000000, 0.116918000000, -0.817744000000], 
[-5.099837000000, 2.059531000000, -0.500000000000], 
[-5.334506000000, 0.442683000000, -0.585131000000], 
[-0.044692000000, 0.729452000000, -1.974742000000], 
[-1.314768000000, 2.611770000000, -1.597478000000], 
[1.381000000000, -0.549319000000, -1.897013000000], 
[1.405285000000, -5.062490000000, -0.000000000000], 
[-4.853063000000, -1.203611000000, -0.776966000000], 
[-3.566417000000, 4.186964000000, -0.363367000000], 
[-1.798887000000, 0.156523000000, -0.000000000000], 
[1.749249000000, -3.861822000000, -0.000000000000], 
[-1.391369000000, -1.610936000000, -0.000000000000], 
[4.246809000000, 0.555599000000, -0.000000000000], 
[2.371637000000, -4.289639000000, -0.827550000000], 
[3.350825000000, -2.281478000000, -1.212655000000], 
[4.789771000000, 0.249466000000, -0.000000000000], 
[1.622364000000, 0.085658000000, -1.876943000000], 
[3.723741000000, 3.119251000000, -0.000000000000], 
[5.213437000000, 1.752163000000, -0.134859000000], 
[3.730702000000, -0.690030000000, -1.313583000000], 
[1.729309000000, -5.221062000000, -0.000000000000], 
[-3.429880000000, 0.382381000000, -1.435205000000], 
[-0.683638000000, -5.085410000000, -0.000000000000], 
[3.514469000000, -1.342647000000, -1.325402000000], 
[-4.168397000000, 1.238218000000, 0.000000000000], 
[2.674936000000, 2.079789000000, -1.456088000000], 
[4.995526000000, 0.792905000000, -0.000000000000], 
[3.875933000000, 1.349960000000, -1.192133000000], 
[-1.434780000000, -4.552203000000, -0.000000000000], 
[2.492705000000, 4.538798000000, -0.682196000000], 
[3.252101000000, 3.251029000000, -0.975424000000], 
[-3.478543000000, 1.516903000000, -1.313240000000], 
[-2.633862000000, 3.644219000000, -0.000000000000], 
[-3.179652000000, 2.802977000000, -1.136062000000], 
[4.381579000000, -0.376992000000, -0.000000000000], 
[-5.084571000000, 1.331885000000, -0.639425000000], 
[-1.897280000000, 3.209976000000, -1.337722000000], 
[0.779021000000, 2.612296000000, -0.000000000000], 
[1.500666000000, 4.322051000000, -0.986283000000], 
[-0.619682000000, -2.672722000000, -1.646358000000], 
[-4.468963000000, 2.628468000000, 0.000000000000], 
[-5.314944000000, -1.101800000000, -0.542068000000], 
[-4.229096000000, 3.239446000000, -0.599641000000], 
[4.664014000000, 2.117806000000, -0.000000000000], 
[-1.624727000000, -1.536048000000, -0.000000000000], 
[-2.513971000000, 0.477985000000, -1.692941000000], 
[-2.277916000000, -1.952789000000, -1.575782000000], 
[2.643983000000, 0.723209000000, -1.647014000000], 
[3.184257000000, -2.667054000000, -0.000000000000], 
[2.487237000000, -1.279414000000, -0.000000000000], 
[-2.417480000000, 4.583845000000, -0.680012000000], 
[-2.435893000000, -1.084550000000, -1.666256000000], 
[0.464785000000, 2.411057000000, -0.000000000000], 
[-0.025488000000, 2.327237000000, -0.000000000000], 
[-0.163240000000, 2.874100000000, -0.000000000000], 
[4.713556000000, -2.440562000000, -0.000000000000], 
[-1.848515000000, 0.000196000000, -0.000000000000], 
[-4.171744000000, -2.306953000000, -0.894579000000], 
[-1.243512000000, -3.811546000000, -1.230498000000], 
[-0.522882000000, -1.845493000000, -0.000000000000], 
[4.122195000000, -3.469670000000, -0.000000000000], 
[-4.469612000000, -3.205085000000, -0.278791000000], 
[-0.771144000000, -4.289371000000, -0.000000000000], 
[-2.346810000000, -1.803018000000, -1.587486000000], 
[-3.638406000000, 2.755910000000, 0.000000000000], 
[-3.688420000000, 1.665792000000, -1.215335000000], 
[-2.325481000000, 4.371150000000, -0.000000000000], 
[-5.478174000000, 0.489501000000, -0.268073000000], 
[-1.561824000000, 3.213475000000, -1.393485000000], 
[-1.803351000000, -5.195953000000, -0.500000000000], 
[-0.363409000000, -3.180459000000, -1.515826000000], 
[-2.717091000000, -4.143137000000, -0.000000000000], 
[3.723359000000, -1.781008000000, -1.182650000000], 
[0.080216000000, 4.394514000000, -1.068086000000], 
[4.107210000000, 2.410670000000, -0.896890000000], 
[-3.403434000000, -0.114787000000, 0.000000000000], 
[3.448381000000, -3.884829000000, -0.673317000000], 
[-2.138269000000, -4.048418000000, -0.000000000000], 
[-1.840419000000, 4.558813000000, -0.000000000000], 
[3.111420000000, -0.202255000000, -1.541175000000], 
[5.335723000000, -1.334189000000, -0.277883000000], 
[4.521775000000, -0.347517000000, -1.004838000000], 
[1.305282000000, 1.533827000000, -1.810613000000], 
[1.251762000000, -4.714897000000, -0.000000000000], 
[-5.407568000000, 0.155855000000, 0.000000000000], 
[-2.704765000000, -3.875338000000, -0.914671000000], 
[-2.971591000000, -0.602582000000, -1.566599000000], 
[-2.928540000000, -4.655497000000, -0.500000000000], 
[-3.482189000000, -2.847370000000, -1.021793000000], 
[0.079687000000, -2.394797000000, -1.731194000000], 
[4.243785000000, 0.165168000000, -0.000000000000], 
[-2.339317000000, -1.912600000000, -0.000000000000], 
[5.500000000000, 0.000000000000, -0.250000000000], 
[4.526837000000, 0.213656000000, -0.000000000000], 
[-3.079536000000, 4.157880000000, 0.000000000000], 
[-3.247978000000, 0.058647000000, -1.501066000000], 
[3.185853000000, -0.522329000000, -0.000000000000], 
[-2.078153000000, 2.672057000000, -0.000000000000], 
[2.180702000000, 3.903836000000, -1.033843000000], 
[-2.015086000000, -2.886434000000, -0.000000000000], 
[4.299309000000, -1.757546000000, -0.953608000000], 
[-1.725314000000, 2.926476000000, -1.453165000000], 
[1.582537000000, 5.059395000000, -0.614324000000], 
[4.034615000000, 3.587360000000, -0.558862000000], 
[-4.126757000000, 1.629282000000, -1.049569000000], 
[-1.282774000000, 0.748191000000, -1.897181000000], 
[0.427410000000, -3.902967000000, -0.000000000000], 
[-2.872009000000, -3.376269000000, 0.000000000000], 
[-1.360647000000, 0.059195000000, -1.913491000000], 
[3.368439000000, 0.658473000000, -1.441546000000], 
[1.711147000000, 2.995661000000, -1.435608000000], 
[0.872046000000, -0.707637000000, -1.941065000000], 
[1.525280000000, -3.003197000000, -1.462649000000], 
[-3.451081000000, 2.480152000000, -1.131336000000], 
[0.840347000000, 4.789957000000, -0.846971000000], 
[-2.343912000000, 4.276478000000, -0.840137000000], 
[-0.025871000000, 0.646633000000, -1.980072000000], 
[-1.464264000000, -4.586471000000, -0.871211000000], 
[2.326445000000, 4.110108000000, -0.000000000000], 
[-0.095039000000, 4.796859000000, -0.000000000000], 
[3.262360000000, 1.182103000000, -1.428872000000], 
[-4.050937000000, -2.557748000000, -0.882926000000], 
[-0.023386000000, -4.373109000000, -0.000000000000], 
[-2.790468000000, -1.221523000000, -1.562496000000], 
[-1.874348000000, 2.326150000000, -1.579533000000], 
[1.056385000000, 3.060430000000, -1.504481000000], 
[3.563778000000, -2.944056000000, -0.000000000000] 
 ];
