Primitive1:=[2 3 4 10 11 13 15 17 20 22 23 24 26 27 28 29 30 33 34 35 38 44 46 48 49 52 54 58 61 65 69 80 82 87 88 95 98 99 100 102 103 106 107 108 109 111 116 117 118 122 123 125 128 129 130 132 133 138 140 141 144 146 147 149 150 151 152 153 156 157 158 160 168 170 172 173 174 179 180 181 186 187 188 191 195 196 200 201 202 204 209 215 216 218 219 221 226 228 229 230 232 236 252 253 254 255 256 258 260 265 268 273 274 275 278 279 282 285 286 290 291 297 299 300 303 305 313 315 321 322 323 324 326 327 329 332 333 336 339 340 343 345 346 348 351 355 359 360 367 370 374 375 376 378 379 382 386 387 388 390 396 398 400 401 403 407 408 410 413 414 416 419 422 424 430 432 434 436 442 448 454 455 456 457 459 461 465 466 469 474 478 480 483 485 488 489 490 491 497 498 502 505 508 509 512 514 515 516 518 520 526 527 530 536 537 539 544 545 547 549 550 554 556 559 560 567 571 573 576 580 581 582 584 585 589 590 595 597 601 604 606 607 609 614 617 618 622 624 632 635 636 637 638 644 645 652 655 662 666 667 669 672 675 677 682 684 689 691 698 699 706 711 715 716 717 722 725 727 728 731 733 734 735 739 740 741 743 744 749 750 753 756 758 760 765 769 773 776 781 782 783 789 791 795 801 802 805 806 809 810 813 814 815 820 821 824 826 830 832 833 834 842 843 845 851 856 857 860 861 867 868 872 877 879 880 885 888 891 893 894 896 897 899 903 906 907 908 910 911 917 926 927 928 929 931 933 934 937 938 939 953 954 955 959 961 967 968 972 973 975 980 983 988 989 991 992 997];

Primitive2:=[5 7 12 16 32 45 50 51 57 59 66 70 71 72 73 74 81 86 91 96 97 104 110 115 131 139 148 161 165 167 169 171 176 178 184 194 197 205 208 211 212 225 238 244 247 250 259 281 283 284 295 302 304 307 309 318 319 320 325 331 334 347 358 365 368 372 373 381 404 412 417 420 427 441 444 458 470 475 484 499 504 507 513 519 523 524 528 529 533 535 540 542 553 565 566 569 574 583 587 593 594 596 598 600 603 611 615 616 633 634 639 640 641 642 643 649 651 656 657 658 661 665 670 671 674 676 685 686 697 701 703 707 714 732 738 747 751 754 763 764 766 771 774 777 780 808 811 818 823 825 828 837 838 840 841 846 848 859 865 870 871 874 875 886 892 895 898 900 901 909 914 920 943 950 958 963 979 984 985 990 995 996 999];

Primitive3:=[1 6 8 14 17 18 21 41 43 55 56 60 61 63 67 68 75 76 77 78 83 84 89 90 101 112 113 116 121 126 134 135 137 142 143 159 166 172 183 185 189 190 198 199 206 207 210 213 227 233 242 245 246 248 251 254 257 262 266 267 269 271 276 277 289 294 296 308 310 312 316 330 338 350 352 354 357 361 364 366 369 377 380 383 384 385 389 391 392 394 395 399 400 402 405 406 415 418 421 423 432 435 437 438 440 445 446 449 451 452 453 460 463 464 467 471 473 476 477 482 494 496 500 511 517 521 522 531 538 541 543 548 551 552 555 558 563 564 570 577 578 579 586 588 591 592 599 602 610 612 613 621 626 646 647 648 654 659 660 663 664 668 673 679 681 692 693 694 695 696 700 702 709 713 719 720 721 724 729 736 742 748 755 757 759 761 768 770 772 775 778 784 785 787 788 792 794 796 798 805 812 816 819 820 826 831 835 836 844 850 852 854 855 858 862 864 867 876 878 881 883 887 888 891 902 904 905 913 916 918 919 922 924 935 940 944 948 949 956 957 962 965 966 974 977 981 986 987 993 1000];

Primitive4:=[9 19 25 31 36 39 40 42 45 59 74 85 93 94 105 114 119 120 124 127 145 154 155 175 177 184 193 205 222 224 235 237 239 243 263 270 272 280 298 314 317 325 328 344 349 362 393 409 425 429 433 439 441 443 447 462 472 475 479 486 487 495 501 503 506 525 540 546 561 562 605 611 619 620 625 627 628 630 631 650 656 678 680 686 688 705 712 745 746 751 752 767 793 797 803 804 807 827 847 849 863 865 873 882 884 889 890 912 915 925 930 941 942 943 945 946 947 960 963 969 970 971 982 994];

Primitive5:=[16 37 47 53 62 64 71 79 92 136 162 163 164 167 182 192 203 214 217 220 223 231 234 240 241 249 261 264 287 288 292 293 301 306 311 318 335 337 341 342 353 356 358 363 371 397 411 426 428 431 450 468 481 492 493 507 510 513 532 533 534 557 568 572 575 603 608 623 629 653 657 683 687 690 704 708 710 718 723 726 730 737 762 779 786 790 799 800 817 818 822 829 837 839 841 853 866 869 886 909 921 923 932 936 951 952 964 976 978 998];

