Primitive1:=[1 42 147 602 667 860 878 1192 1764 1842 1890 1931 1932 1966 2024 2149 2229 2255 2267 2328 2398 2562 2690 2727 2733 2897 2913 3069 3076 3151 3251 3475 3516 3541 3569 3644 3750 3806 3844 3856 3871 3884 3942 3950 4028 4130 4142 4279 4294 4456 4528 4595 4655 4669 4774 4929];

Primitive2:=[8 82 384 429 572 680 718 858 969 975 1133 1217 1242 1246 1335 1458 1520 1603 1647 1742 1811 1880 1923 1960 1978 2018 2065 2074 2210 2296 2300 2327 2473 2536 2608 2806 2828 2872 2883 2955 3102 3266 3438 3495 3571 3653 3717 3739 3790 3870 3890 4121 4272 4293 4303 4410 4441 4530 4535 4745 4750 4860 4872];

Primitive3:=[20 167 173 269 616 787 982 1011 1076 1090 1091 1359 1493 1523 1549 1576 1580 1827 1908 1948 2053 2195 2203 2496 2692 2832 2875 2898 2974 2997 3073 3096 3258 3399 3579 3697 3778 3827 3830 3873 3935 3940 3946 3986 3991 4101 4207 4273 4434 4577 4663 4780 4883 4969];

Primitive4:=[23 46 54 141 157 182 317 325 390 401 469 482 540 697 946 990 1017 1043 1086 1185 1361 1428 1480 1511 1534 1598 1623 1720 1861 2292 2384 2500 2539 2604 2711 2718 2728 2813 2876 2954 3079 3165 3170 3214 3219 3308 3341 3434 3534 3658 3679 3705 3847 3866 4060 4064 4082 4104 4238 4278 4310 4749 4761 4823 4831 4836];

Primitive5:=[26 74 88 290 303 313 327 437 763 770 771 812 866 1266 1304 1350 1446 1527 1535 1616 1723 1778 1824 1956 1983 2036 2046 2243 2285 2526 2654 2773 2786 2802 2805 2819 3224 3240 3271 3281 3419 3555 3582 3799 3875 3900 4205 4223 4234 4239 4374 4392 4465 4644 4825 4851 4881 4944 4982];

Primitive6:=[37 166 223 375 462 492 525 537 574 589 614 708 786 955 977 1028 1037 1085 1245 1299 1464 1522 1624 1648 1677 1694 2129 2184 2219 2250 2343 2368 2407 2578 2665 2685 2725 2768 2782 2818 2929 2930 2933 3311 3327 3380 3449 3496 3620 3621 3701 3774 3814 3841 4052 4185 4285 4366 4379 4383 4578 4609 4625 4658 4700 4753 4801 4949];

Primitive7:=[44 45 97 127 153 165 197 201 208 211 275 310 320 388 396 464 694 725 894 931 1053 1080 1140 1176 1196 1447 1649 1673 1777 1789 2119 2155 2462 2524 2594 2746 2963 3023 3082 3166 3169 3191 3209 3296 3332 3351 3373 3519 3532 3746 3773 3776 3882 4252 4408 4436 4475 4512 4527 4532 4545 4632 4686 4783 4914 4936 4985 4995 4998];

Primitive8:=[69 108 142 204 322 366 468 488 677 734 963 998 1044 1344 1525 1558 1634 1693 1710 1712 1787 1803 1810 1859 1929 1933 1936 1999 2111 2141 2174 2258 2274 2280 2282 2453 2580 2584 2611 2621 2679 2762 2766 2917 2950 3113 3177 3395 3736 3766 3769 3791 3797 3804 3816 4244 4403 4559 4565 4588 4701 4706 4709 4710 4713 4797 4841];

Primitive9:=[84 103 120 349 428 439 461 466 605 778 819 837 937 1126 1201 1302 1427 1482 1492 1518 1521 1613 1658 1705 1718 1730 1745 1882 2044 2057 2263 2297 2376 2677 2932 3129 3216 3358 3428 3476 3587 3618 3742 3869 3962 4018 4292 4330 4382 4406 4450 4501 4584 4615 4754 4869 4897 4974 4989 4992];

Primitive10:=[100 297 323 361 521 647 720 802 811 893 950 1003 1016 1041 1119 1144 1325 1437 1664 1680 1783 1807 1833 2011 2222 2227 2247 2261 2278 2336 2375 2468 2651 2749 2838 2859 2870 3171 3172 3199 3215 3250 3320 3480 3515 3589 3647 3664 3677 3738 3860 3934 3970 4057 4119 4154 4218 4299 4351 4369 4586 4733 4846];

Primitive11:=[106 184 296 683 732 869 896 953 968 1002 1100 1103 1114 1132 1180 1440 1442 1506 1515 1646 1683 1729 1763 1891 1970 2014 2125 2128 2202 2264 2295 2361 2440 2510 2513 2547 2610 2820 3074 3110 3127 3185 3246 3448 3512 3836 3874 3941 4001 4043 4048 4077 4134 4274 4375 4427 4451 4558 4631 4647 4743 4847 4938];

Primitive12:=[110 131 159 220 342 412 446 506 675 760 762 792 892 907 1290 1453 1475 1619 1630 1640 1737 1738 1795 1862 1976 2099 2164 2179 2249 2266 2387 2389 2441 2503 2523 2695 2772 2809 2935 2982 3055 3178 3198 3247 3248 3254 3291 3297 3313 3414 3483 3525 3526 3602 3681 3813 3815 3979 4114 4210 4305 4313 4335 4377 4502 4524 4580 4683 4737 4828 4905];

Primitive13:=[129 229 235 610 612 722 974 1060 1280 1395 1543 1560 1684 1839 2071 2388 2396 2511 2517 2554 2617 2646 2650 2659 2676 2730 2778 2885 2891 2978 3319 3337 3338 3388 3410 3451 3517 3623 3881 3939 3983 4011 4021 4106 4173 4203 4263 4402 4413 4416 4431 4443 4504 4506 4645 4662 4696 4721 4764 4775 4838 4884 4960];

Primitive14:=[161 177 188 205 340 372 427 496 514 545 585 686 925 1093 1109 1199 1211 1271 1326 1333 1530 1732 1761 1765 1825 1828 1900 1903 2077 2120 2135 2173 2193 2235 2246 2319 2464 2522 2561 2598 2750 2801 2868 2889 2924 3002 3019 3022 3140 3173 3406 3490 3500 3505 3511 3613 3649 3667 3696 3744 3810 3974 4162 4174 4232 4262 4356 4380 4454 4470 4483 4543 4601 4650 4813 4849];

Primitive15:=[259 293 345 365 501 785 796 978 1040 1186 1240 1250 1329 1357 1556 1601 1655 1660 1835 1879 1977 1988 1991 2033 2085 2185 2190 2248 2290 2317 2332 2497 2549 2663 2724 2763 2799 2922 3040 3099 3124 3253 3259 3417 3678 3684 4006 4068 4085 4166 4169 4289 4376 4378 4440 4576 4643 4768 4940];

Primitive16:=[7 273 758 828 829 964 1038 1083 1145 1205 1336 1421 1422 1590 1822 1849 1895 2356 2393 2928 3222 3431 3596 3719 3985 4346 4748];

Primitive17:=[9 230 369 440 480 597 606 765 954 976 1222 1383 1478 1570 1666 2108 3141 3261 3524 3635 3786 3902 4193 4467 4495 4547 4657 4714 4803 4853];

Primitive18:=[27 34 424 426 491 885 1148 1167 1252 1457 1516 1569 2030 2101 2256 2372 2405 2438 2717 2852 2855 2986 3018 3329 3481 3518 3693 4012 4332 4336 4505 4911];

Primitive19:=[36 668 674 818 827 948 1239 1341 1380 1389 1727 1728 1857 2236 2288 2601 2743 2842 2995 3103 3234 3314 4180 4191 4492 4861];

Primitive20:=[51 338 405 533 619 794 1420 1629 1709 2166 2233 2306 2638 2726 2827 2835 3394 3492 3537 3548 3633 3896 4016 4061 4063 4257 4349 4498 4541 4945];

Primitive21:=[55 138 152 214 274 435 759 820 945 1061 1182 1622 1700 1736 1772 2305 2476 2479 2722 2847 2921 2994 3168 3190 3206 3501 3550 3598 3685 4353 4827 4882];

Primitive22:=[89 122 189 598 1051 1161 1255 1425 1463 1762 2475 2519 2614 2667 2988 3445 3539 3601 4036 4233 4307 4430 4477 4787];

Primitive23:=[111 149 265 665 773 790 917 1094 1390 1503 1615 1665 1962 2008 2145 2150 2937 3226 3533 3642 3784 4553 4842];

Primitive24:=[114 268 378 452 546 1184 1187 1592 1593 1823 2095 2257 2320 2433 2771 3005 3277 3295 3359 3777 3779 3914 3933 4112 4122 4899 4996];

Primitive25:=[133 343 364 1010 1230 1262 1439 1657 1702 1781 1785 1845 2080 2472 2600 2625 2881 2970 3033 3072 3147 3346 3398 3782 3980 4035 4246 4521 4652 4773];

Primitive26:=[187 300 556 768 783 799 840 1007 1066 1386 1468 1571 1574 1597 1661 1951 2069 2090 2251 2683 2723 3020 3026 3114 3134 3231 3446 3462 3698 3731 4158 4304 4325 4359 4453 4472 4585 4589 4795 4900 4943];

Primitive27:=[196 467 645 1128 1706 1786 1894 2068 2253 2642 2757 2787 2830 2879 2896 2906 3255 3318 3420 3459 3469 3643 3722 3958 3972 4067 4109 4259 4494 4725 4843 4948];

Primitive28:=[308 346 368 370 473 660 883 1050 1263 1293 1305 1378 1581 1637 1831 2025 2062 2086 2167 2426 2800 2866 3176 4587 4771 4951 4957];

Primitive29:=[560 638 690 846 888 973 1025 1191 1445 1501 2032 2103 2113 2213 2366 2647 2673 2684 2688 3003 3059 3094 3737 3803 3907 4050 4209 4397 4478 4707 4788];

Primitive30:=[648 852 947 1030 1195 1526 1620 1724 1753 1791 1913 2301 2682 3429 3542 3995 4070 4855 4915];

Primitive31:=[10 48 50 60 95 109 126 158 250 264 270 318 339 353 357 385 409 413 414 425 522 538 549 623 626 651 700 713 743 780 793 853 914 930 938 989 1019 1058 1072 1073 1131 1164 1190 1207 1270 1274 1278 1298 1316 1349 1388 1402 1456 1484 1486 1505 1513 1584 1633 1695 1703 1707 1725 1734 1744 1773 1843 1865 1889 1942 2034 2123 2148 2311 2333 2377 2381 2450 2484 2563 2566 2630 2662 2702 2741 2755 2767 2863 2877 2962 3014 3024 3092 3138 3180 3208 3285 3292 3302 3344 3375 3377 3382 3415 3418 3436 3486 3564 3586 3625 3675 3800 3862 3876 3894 3952 4020 4023 4094 4105 4124 4161 4172 4177 4216 4267 4271 4390 4401 4446 4468 4508 4569 4597 4613 4627 4639 4692 4698 4716 4739 4864 4879 4892 4963 4981 4984];

Primitive32:=[16 124 135 178 212 216 334 383 398 399 432 472 493 631 641 676 703 728 766 821 903 922 993 1000 1005 1045 1110 1118 1138 1158 1251 1297 1328 1342 1346 1348 1364 1368 1403 1404 1418 1461 1487 1504 1529 1579 1586 1604 1607 1711 1754 1767 1774 1775 1790 1837 1840 1868 1875 1945 2020 2050 2055 2078 2092 2098 2107 2165 2207 2357 2364 2434 2449 2461 2508 2597 2606 2619 2623 2661 2697 2710 2792 2826 2864 2947 2976 2987 3009 3047 3051 3088 3097 3120 3128 3130 3244 3381 3389 3435 3443 3509 3595 3616 3629 3637 3641 3650 3657 3768 3789 3812 3843 3880 3904 3959 4062 4096 4144 4181 4196 4206 4428 4464 4555 4560 4581 4618 4651 4661 4769 4812 4821 4840 4871 4954 4975 4997 4999];

Primitive33:=[59 61 71 78 92 94 115 190 206 224 227 255 284 302 304 309 312 324 330 332 348 374 394 410 411 421 436 443 484 508 509 515 519 532 575 596 617 620 624 653 695 719 748 775 777 838 839 843 871 880 911 921 958 1013 1020 1039 1063 1067 1071 1082 1113 1134 1155 1188 1189 1221 1224 1258 1261 1277 1308 1337 1340 1354 1358 1373 1374 1409 1443 1467 1499 1540 1542 1559 1565 1594 1617 1639 1687 1692 1771 1885 1888 1924 1957 1981 1982 1989 2009 2048 2070 2073 2106 2186 2187 2188 2198 2214 2218 2271 2279 2322 2323 2345 2380 2395 2415 2421 2425 2431 2470 2481 2482 2545 2553 2581 2589 2612 2637 2640 2660 2721 2742 2774 2777 2808 2815 2825 2839 2854 2880 2893 2907 2919 2923 2926 2957 2961 2967 2977 2984 3037 3098 3109 3122 3196 3230 3236 3300 3331 3365 3383 3384 3401 3426 3441 3452 3522 3557 3567 3627 3663 3670 3680 3730 3755 3758 3763 3807 3832 3842 3848 3849 3861 3920 3975 3981 3984 4005 4017 4026 4056 4058 4093 4141 4148 4155 4178 4179 4192 4194 4236 4276 4302 4352 4419 4422 4493 4507 4515 4523 4574 4583 4604 4614 4624 4665 4674 4711 4715 4738 4772 4781 4873 4890 4904 4924 4959 4980 4990];

Primitive34:=[2 13 14 16 17 18 21 40 56 66 76 80 81 85 118 121 132 136 144 160 170 174 180 185 192 200 213 223 225 229 234 236 237 254 256 257 282 292 294 305 326 328 341 347 350 363 377 380 387 389 391 403 406 419 430 442 451 454 463 465 471 489 498 504 505 520 526 528 548 550 561 564 567 584 588 589 590 604 634 639 643 655 657 666 671 676 679 688 705 706 707 708 710 715 716 730 736 746 761 781 782 784 792 807 824 825 826 831 832 844 851 863 872 886 889 890 898 902 906 908 909 915 927 932 936 941 949 956 960 962 980 985 991 999 1004 1015 1052 1055 1057 1084 1087 1095 1110 1129 1130 1138 1140 1142 1146 1150 1151 1173 1193 1198 1213 1214 1235 1237 1240 1256 1290 1297 1300 1312 1315 1327 1352 1353 1360 1367 1375 1381 1387 1392 1396 1400 1414 1423 1424 1429 1431 1459 1471 1472 1474 1487 1495 1506 1510 1520 1533 1537 1539 1550 1552 1561 1563 1566 1577 1589 1596 1606 1621 1635 1638 1650 1653 1655 1664 1668 1685 1701 1716 1717 1722 1735 1746 1750 1752 1754 1755 1766 1769 1776 1779 1784 1792 1797 1801 1854 1873 1874 1881 1892 1897 1902 1907 1909 1911 1912 1917 1919 1925 1934 1939 1940 1946 1955 1959 1970 1972 1974 1979 1985 1987 1998 2002 2004 2015 2016 2022 2029 2039 2047 2049 2054 2057 2058 2066 2075 2081 2093 2109 2116 2127 2132 2152 2156 2159 2161 2169 2172 2189 2191 2220 2228 2231 2239 2245 2259 2270 2277 2283 2299 2304 2325 2327 2331 2335 2346 2352 2360 2365 2370 2374 2383 2386 2391 2392 2399 2406 2407 2416 2418 2424 2428 2448 2449 2460 2461 2462 2465 2469 2477 2480 2483 2485 2487 2488 2489 2493 2494 2516 2530 2532 2544 2552 2555 2556 2575 2587 2590 2597 2599 2605 2613 2616 2627 2644 2661 2669 2674 2675 2687 2693 2694 2697 2698 2699 2703 2714 2720 2735 2736 2754 2758 2775 2781 2788 2798 2811 2813 2821 2822 2826 2833 2834 2838 2839 2843 2844 2845 2862 2864 2865 2869 2871 2895 2902 2940 2958 2969 2973 2980 2984 2990 2991 3009 3013 3015 3017 3021 3053 3054 3060 3061 3071 3080 3084 3089 3091 3093 3095 3102 3118 3121 3132 3135 3136 3142 3144 3153 3158 3172 3189 3192 3193 3194 3197 3228 3233 3244 3249 3252 3259 3290 3299 3315 3326 3334 3335 3340 3350 3357 3384 3403 3413 3416 3423 3432 3439 3442 3453 3460 3461 3472 3477 3489 3493 3502 3503 3540 3543 3547 3551 3554 3559 3562 3566 3574 3581 3583 3585 3588 3604 3609 3611 3612 3622 3628 3630 3634 3638 3639 3641 3654 3661 3668 3669 3674 3682 3687 3706 3709 3711 3720 3749 3757 3767 3768 3771 3796 3802 3805 3811 3812 3824 3828 3833 3835 3837 3843 3852 3857 3859 3865 3877 3888 3891 3892 3906 3908 3913 3921 3930 3931 3943 3951 3954 3955 3959 3960 3965 3968 3969 3970 3990 3999 4008 4013 4029 4032 4033 4037 4045 4076 4078 4079 4083 4089 4100 4103 4104 4113 4123 4131 4136 4139 4144 4151 4163 4164 4184 4187 4190 4195 4226 4229 4230 4242 4243 4247 4248 4251 4261 4266 4269 4270 4298 4309 4311 4317 4319 4320 4326 4333 4334 4338 4381 4385 4387 4388 4392 4396 4400 4404 4421 4423 4437 4448 4449 4452 4460 4462 4464 4485 4500 4503 4513 4516 4520 4522 4537 4538 4540 4550 4552 4555 4571 4572 4579 4593 4605 4612 4616 4622 4623 4634 4640 4648 4650 4663 4666 4671 4680 4688 4695 4720 4722 4724 4732 4746 4747 4779 4789 4790 4794 4802 4805 4806 4814 4815 4818 4821 4822 4824 4829 4832 4835 4846 4848 4852 4857 4858 4868 4871 4876 4880 4887 4896 4901 4908 4910 4916 4918 4926 4930 4936 4946 4954 4983];

Primitive35:=[3 6 38 52 53 68 72 87 96 148 150 179 206 212 218 241 244 245 279 286 315 319 356 397 398 431 497 503 511 559 573 581 583 595 628 630 631 649 662 664 678 709 723 729 733 769 797 798 808 836 839 845 854 856 857 868 873 901 944 979 993 996 1009 1021 1029 1065 1069 1088 1097 1121 1139 1141 1143 1170 1172 1183 1212 1227 1238 1273 1303 1323 1346 1356 1384 1405 1408 1419 1435 1455 1461 1499 1514 1554 1567 1604 1609 1610 1625 1626 1627 1628 1631 1636 1652 1659 1662 1681 1708 1713 1740 1747 1748 1756 1757 1775 1790 1794 1804 1816 1838 1844 1846 1847 1852 1853 1866 1868 1875 1896 1905 1915 1916 1937 1943 1945 1952 1953 1971 1994 1995 2021 2031 2042 2059 2078 2092 2104 2117 2122 2133 2143 2157 2176 2196 2204 2237 2241 2252 2326 2338 2401 2414 2420 2443 2452 2457 2491 2501 2535 2543 2559 2567 2570 2572 2576 2585 2603 2615 2620 2626 2632 2652 2656 2681 2700 2704 2709 2731 2752 2759 2760 2770 2792 2836 2851 2873 2887 2890 2915 2938 2944 2971 3012 3051 3077 3078 3081 3083 3100 3101 3106 3112 3130 3139 3143 3146 3160 3181 3182 3223 3238 3263 3279 3298 3309 3349 3353 3360 3366 3396 3407 3412 3447 3455 3457 3482 3521 3531 3552 3553 3558 3565 3572 3577 3617 3650 3651 3657 3666 3694 3703 3710 3713 3728 3733 3785 3792 3834 3851 3854 3883 3887 3889 3912 3927 3929 3944 3957 3964 4007 4015 4019 4027 4051 4069 4073 4074 4095 4099 4107 4116 4120 4146 4157 4196 4197 4199 4211 4212 4231 4241 4249 4296 4306 4314 4318 4329 4345 4355 4365 4394 4398 4428 4429 4447 4457 4473 4474 4480 4482 4525 4534 4544 4560 4561 4562 4564 4570 4590 4624 4636 4664 4676 4679 4719 4735 4742 4755 4769 4785 4854 4865 4870 4878 4885 4889 4912 4917 4941 4947 4952 4961 4999 4970];

Primitive36:=[4 12 15 28 29 30 33 42 57 86 90 99 104 105 112 116 130 143 164 169 191 207 210 228 231 232 235 250 280 285 299 307 314 331 344 351 352 358 362 366 367 381 386 394 404 409 413 415 416 420 433 438 444 448 458 459 477 483 486 499 502 512 529 542 544 547 552 557 566 568 571 574 579 580 594 600 603 613 618 626 650 672 673 693 702 714 725 734 735 743 744 745 749 751 754 756 757 764 774 776 788 791 794 795 800 801 803 804 806 810 817 841 853 870 879 895 900 904 905 912 934 957 958 965 966 967 978 983 986 988 989 995 1001 1002 1011 1018 1032 1041 1072 1079 1099 1105 1135 1137 1152 1162 1164 1166 1168 1171 1176 1178 1190 1194 1203 1207 1218 1219 1223 1225 1232 1253 1254 1267 1269 1272 1283 1284 1285 1288 1296 1309 1314 1321 1330 1331 1339 1377 1391 1410 1411 1432 1434 1436 1449 1451 1466 1484 1486 1494 1500 1507 1509 1511 1524 1528 1531 1544 1546 1564 1568 1573 1587 1600 1602 1611 1643 1644 1645 1670 1671 1672 1674 1679 1688 1689 1714 1721 1725 1726 1738 1739 1742 1751 1768 1770 1793 1796 1798 1808 1817 1821 1833 1841 1843 1860 1865 1884 1889 1893 1898 1899 1918 1928 1936 1942 1947 1949 1967 1969 1990 1996 2003 2007 2012 2019 2023 2026 2037 2038 2041 2043 2051 2052 2072 2074 2088 2091 2100 2129 2131 2138 2140 2144 2147 2151 2160 2170 2178 2201 2211 2216 2222 2225 2232 2238 2269 2272 2281 2285 2291 2292 2294 2308 2309 2313 2334 2337 2348 2354 2390 2394 2402 2403 2432 2456 2463 2471 2473 2490 2507 2518 2520 2537 2539 2540 2546 2550 2554 2568 2569 2577 2592 2596 2629 2633 2643 2649 2657 2658 2677 2678 2686 2689 2702 2705 2706 2715 2716 2737 2747 2776 2780 2785 2789 2794 2804 2810 2824 2837 2840 2849 2856 2858 2863 2867 2880 2899 2901 2903 2911 2914 2916 2931 2943 2946 2948 2953 2959 2962 2965 2974 2981 2992 3029 3031 3035 3038 3039 3045 3058 3070 3085 3090 3104 3125 3133 3148 3149 3159 3164 3174 3175 3184 3204 3205 3210 3213 3216 3221 3229 3254 3256 3257 3262 3267 3269 3274 3276 3284 3287 3292 3302 3303 3305 3322 3323 3325 3330 3336 3342 3348 3362 3363 3368 3379 3385 3390 3391 3392 3400 3402 3410 3411 3417 3436 3440 3450 3452 3454 3467 3474 3478 3484 3497 3506 3507 3508 3510 3528 3544 3545 3549 3561 3567 3568 3578 3625 3632 3636 3660 3662 3673 3677 3679 3681 3688 3704 3712 3716 3721 3723 3724 3743 3752 3754 3764 3775 3794 3795 3809 3817 3818 3819 3822 3840 3864 3872 3876 3897 3899 3905 3911 3916 3919 3923 3924 3925 3937 3948 3953 3966 3977 3978 3983 3988 3993 4009 4010 4020 4022 4023 4030 4034 4038 4040 4046 4065 4066 4072 4084 4086 4088 4090 4092 4135 4137 4140 4145 4150 4156 4166 4170 4172 4176 4198 4200 4214 4217 4220 4235 4253 4255 4256 4265 4275 4277 4288 4290 4300 4301 4315 4324 4328 4339 4340 4341 4342 4344 4357 4358 4361 4370 4373 4377 4407 4409 4412 4415 4417 4438 4439 4455 4476 4486 4487 4491 4496 4508 4511 4514 4518 4519 4526 4532 4533 4536 4557 4575 4596 4598 4607 4610 4611 4621 4626 4627 4629 4635 4637 4638 4646 4656 4658 4660 4672 4678 4689 4693 4704 4716 4726 4727 4730 4731 4734 4743 4758 4759 4777 4781 4796 4799 4807 4808 4820 4834 4866 4867 4874 4888 4902 4907 4909 4923 4927 4931 4933 4935 4937 4955 4965 4966 4971 4986 4991];

Primitive37:=[5 10 19 25 32 41 47 49 58 60 63 64 102 137 146 162 168 175 181 194 202 203 209 215 217 221 246 248 252 266 272 281 301 311 329 355 359 360 373 385 418 425 434 455 456 516 536 541 569 591 593 615 621 623 627 635 640 661 669 670 685 700 701 704 721 724 731 742 747 748 750 822 861 877 882 887 913 914 916 919 920 923 929 952 961 972 1014 1019 1036 1068 1073 1077 1092 1101 1106 1108 1156 1163 1174 1204 1226 1231 1234 1249 1279 1281 1286 1319 1324 1332 1347 1351 1369 1376 1385 1388 1438 1448 1462 1470 1479 1491 1505 1512 1547 1572 1578 1582 1584 1654 1656 1663 1682 1696 1715 1733 1741 1744 1760 1799 1818 1826 1851 1855 1858 1904 1922 1964 1973 1993 2006 2010 2040 2079 2112 2123 2130 2136 2154 2175 2223 2240 2276 2286 2302 2307 2329 2333 2347 2409 2410 2413 2430 2431 2446 2447 2450 2458 2478 2495 2505 2521 2534 2582 2591 2628 2635 2639 2640 2662 2680 2691 2701 2713 2740 2742 2744 2748 2765 2803 2829 2831 2908 2919 2945 2966 2968 2979 3025 3028 3032 3034 3068 3105 3108 3115 3117 3126 3163 3179 3202 3207 3208 3218 3220 3237 3242 3264 3294 3301 3321 3324 3328 3339 3354 3361 3367 3374 3378 3383 3409 3427 3430 3458 3485 3491 3494 3499 3513 3560 3564 3576 3591 3600 3605 3615 3640 3655 3683 3699 3748 3751 3760 3765 3770 3780 3788 3798 3808 3826 3838 3839 3863 3867 3879 3917 3928 3952 3976 3998 4002 4025 4091 4094 4098 4110 4126 4128 4152 4161 4168 4201 4219 4222 4224 4225 4237 4240 4245 4271 4283 4321 4347 4372 4444 4459 4542 4549 4556 4566 4569 4600 4606 4613 4639 4641 4687 4692 4698 4703 4712 4723 4729 4752 4786 4839 4845 4856 4895 4904 4920 4925 4939 4950 4958 4962 4973 4976 4981 4978];

Primitive38:=[24 93 377 423 485 570 1122 1284 1317 1389 1496 1731 1805 1886 1906 1921 2017 2114 2412 2437 2467 2645 2732 2817 2841 2878 2918 3065 3125 3154 3162 3174 3235 3245 3352 3732 3772 4047 4258 4368 4384 4520 4582 4668 4699 4894 4932 4956 4967];

Primitive39:=[39 112 176 262 407 473 487 535 562 712 752 815 1049 1050 1102 1208 1229 1263 1293 1564 1676 1690 1815 2062 2094 2209 2212 2273 2349 2451 2498 2653 2657 2823 2939 2972 2989 3041 3155 3188 3212 3372 3442 3536 3608 3825 3918 4165 4167 4282 4331 4348 4393 4548 4619 4681 4760 4817 4913 4957 4979 4994];

Primitive40:=[371 687 699 711 805 1215 1379 1476 1608 1715 1867 1872 1944 2118 2221 2245 2330 2446 2457 2515 2560 3057 3081 3268 3306 3627 3735 3761 3990 4031 4055 4215 4280 4288 4322 4386 4425 4525 4445];

Primitive41:=[11 199 258 316 376 395 539 582 607 835 959 1124 1181 1209 1382 1814 1863 1910 1938 2060 2121 2171 2226 2408 2551 2574 3011 3016 3157 3200 3225 3289 3310 3376 3850 3987 4250 4364 4418 4509 4685 4784 4819 4906];

Primitive42:=[22 119 156 163 276 335 523 897 939 940 943 997 1027 1175 1415 1490 1548 1809 2242 2439 2486 2719 2784 2941 3075 3371 3487 3535 3607 3973 4014 4295 4488 4705 4833];

Primitive43:=[31 65 101 123 278 449 518 554 644 646 1056 1313 1426 1485 1498 1836 1856 1961 2362 2466 2583 2783 2812 2861 3043 3150 3152 3471 3603 3756 3801 3846 3853 3903 3992 3996 4102 4337 4767 4776 4798 4859];

Primitive44:=[35 70 77 183 239 379 470 494 551 622 738 862 881 1048 1177 1583 1697 2084 2087 2096 2177 2339 2579 2641 2672 2797 2951 3504 3727 3982 4053 4171 4213 4343 4433 4563 4603 4763 4809];

Primitive45:=[43 73 154 219 474 779 884 1062 1179 1200 1248 1401 1517 1519 1975 2110 2180 2318 2340 2571 2712 2734 3048 3062 3201 3280 3355 3408 3488 3575 3695 3729 3893 3938 3989 4175 4286 4316 4424 4677 4778 4903];

Primitive46:=[62 251 306 392 576 599 601 611 849 924 933 1074 1295 1311 1345 1362 1489 1502 1612 1850 2000 2205 2208 2648 2983 3131 3183 3217 3393 3479 3671 3967 4004 4284 4308 4323 4354 4463 4479 4653 4993];

Primitive47:=[67 382 393 586 696 814 970 981 1081 1243 1417 1469 1575 1926 1935 2035 2064 2076 2183 2268 2289 2528 2607 2670 2729 2738 2751 2807 2816 2920 2985 2998 3050 3232 3593 3645 3646 3689 3700 3714 3718 3759 3831 3932 3963 3971 4000 4059 4129 4371 4484 4718 4740];

Primitive48:=[75 139 151 249 295 609 663 726 928 942 994 1031 1115 1136 1233 1268 1444 1555 1788 1871 1883 1950 1980 2378 2382 2404 2588 2593 2761 2793 3086 3161 3312 3316 3356 3421 3570 3619 3626 3631 3823 3885 3910 3994 4391 4691 4875 4922 5000];

Primitive49:=[79 145 186 283 692 1096 1111 1265 1343 1433 1538 2061 2102 2234 2442 2492 2512 2618 2655 2664 2910 3027 3111 3463 3538 3563 3656 3997 4075 4363 4466 4608 4751 4811 4826 4928];

Primitive50:=[83 113 289 336 652 823 1023 1026 1120 1159 1282 1553 1749 1869 1941 2153 2192 2244 2527 2538 2564 2609 2900 2956 3030 3156 3186 3470 3527 3708 3741 3878 4312 4862];

Primitive51:=[91 243 260 287 578 625 689 789 891 1012 1098 1202 1257 1259 1291 1292 1393 1477 1641 1642 1870 1901 1914 2013 2134 2162 2199 2756 2892 3066 3243 3343 3370 3473 3580 3740 3886 3947 4097 4159 4160 4182 4227 4360 4426 4649 4708 4770 4837];

Primitive52:=[98 125 195 402 445 447 460 476 867 1075 1123 1301 1306 1465 1632 1675 1719 1812 1834 1920 2206 2293 2316 2341 2344 2548 2795 3063 3405 3665 3855 3909 4081 4268 4405 4432 4497 4630 4633 4744 4757 4800 4919 4953];

Primitive53:=[107 222 242 534 698 855 951 971 984 1247 1365 1473 1591 1651 1743 1806 1876 1963 2067 2142 2182 2262 2275 2397 2427 2474 2573 2753 2874 3036 3064 3239 3404 3424 3520 3584 3594 3707 3726 3762 3787 3945 4041 4228 4254 4260 4297 4414 4592 4602 4670];

Primitive54:=[117 592 659 772 1125 1244 1276 1322 1399 1454 1488 1614 1802 1848 1878 1930 1965 2215 2298 2423 2499 2514 2636 2708 2779 3137 3317 3386 3466 3691 3821 4115 4399 4435 4442 4510 4599 4675 4694 4793 4844];

Primitive55:=[128 291 850 899 935 1260 1320 1406 1551 2217 2254 2310 2315 2321 2455 2595 2769 2850 2993 3010 3270 3364 3556 4108 4204 4362 4517 4654 4741 4863];

Primitive56:=[134 238 271 277 298 481 490 524 737 816 1042 1197 1206 1241 1363 1545 1588 1599 1829 1887 2303 2314 2602 2666 2796 2886 2912 3119 3145 3282 3333 3444 3465 3530 3672 3961 4042 4138 4189 4208 4531 4591 4642 4717 4891];

Primitive57:=[140 247 637 642 842 874 876 926 1034 1264 1307 1430 1759 1813 1819 1954 1968 1997 2028 2097 2124 2260 2400 2411 2435 2949 3000 3211 3286 3456 3464 3692 3747 3781 3829 3895 4149 4221 4489 4659 4756 4766 4987];

Primitive58:=[155 417 517 531 558 682 739 755 813 830 910 1210 1416 1441 1452 1532 1669 1758 1800 2355 2367 2509 2533 2634 3087 3123 3275 3345 3868 3898 3936 4071 4118 4264 4281 4620 4816 4893];

Primitive59:=[171 500 530 636 684 918 1033 1059 1064 1127 1216 1289 1338 1460 1927 1958 1992 2001 2083 2105 2115 2200 2230 2287 2324 2444 2558 2846 2909 3008 3437 3468 3590 3648 3783 3845 3956 4539 4594 4667 4690 4697 4736 4810 4934];

Primitive60:=[172 253 263 408 441 453 478 479 495 608 767 1078 1116 1154 1160 1169 1287 1318 1355 1497 1984 1986 2312 2353 2358 2419 2422 2436 2622 2696 2790 3046 3049 3203 3227 3241 3273 3614 3820 3858 4133 4147 4153 4183 4287 4291 4573 4684 4988];

Primitive61:=[193 563 633 656 741 875 1089 1104 1310 1407 1541 1585 1686 2045 2056 2181 2197 2224 2385 2506 2557 2857 2884 3001 3067 3187 3278 3425 3523 3624 3793 4111 4117 4420 4469 4471 4499 4702 4830 4942 4964 4977];

Primitive62:=[198 288 337 543 553 587 753 847 865 992 1070 1157 1450 2027 2063 2359 2379 2525 2631 2882 2904 2936 2999 3004 3265 3293 3422 3433 3514 3676 3690 3926 4003 4054 4087 4186 4188 4367 4617 4765];

Primitive63:=[226 321 422 450 513 681 717 740 833 1008 1035 1054 1394 1413 1704 1830 1877 2168 2284 2350 2351 2369 2417 2429 2459 2668 2739 2764 3044 3260 3347 3686 4049 4080 4202 4546 4551 4628 4886 4921 4972];

Primitive64:=[233 475 632 809 1149 1366 1412 1483 1667 1691 1864 2089 2139 2158 2371 2445 2502 2586 2671 2745 2925 2934 2960 3007 3056 3116 3283 3288 3304 3387 3498 3592 3606 3610 3652 3753 3922 4125 4461 4898];

Primitive65:=[240 400 527 834 859 987 1047 1117 1220 1294 1372 1481 1557 1562 1595 1820 2126 2137 2363 2454 2504 2529 2541 2565 2624 2707 2791 2888 2905 2996 3272 3597 3659 3702 3715 3901 3949 4039 4132 4458 4481 4490 4554 4568 4804 4850];

Primitive66:=[261 510 555 1022 1046 1112 1153 1228 1370 1536 1605 1699 1832 2005 2082 2265 2342 2373 2853 2894 3042 3052 3167 3307 3369 3546 3573 3725 3734 4024 4044 4127 4350 4395 4529 4673 4782 4791 4792 4877 4968];

Primitive67:=[267 457 577 658 1107 1147 1236 1275 1334 1398 1508 1678 2163 2531 2814 2927 2942 2952 3006 3195 3529 4327 4411 4728];

Primitive68:=[333 507 565 864 1397 1618 2975 3745 3915];

Primitive69:=[354 629 654 691 727 848 1006 1024 1165 1371 1698 1780 1782 2146 2194 2542 2848 2860 2964 3107 3599 4143 4389 4567 4682 4762];

